8443
3511
3512
4761
1492
2732
3517
2058
8494
4789
2061
4793
2738
2739
1129
3527
4805
1503
2068
3534
1130
2750
2751
907
1509
1510
2755
2080
908
3555
1512
1140
1143
3566
4916
4928
3569
1519
4948
1523
4979
1531
2095
8941
8947
5017
8950
3587
5021
5027
8965
8966
5028
3594
2112
1536
2797
2803
3609
9085
2806
2130
9109
3615
2809
1162
2810
5095
5104
1555
1165
9147
2817
1562
3626
5147
9232
1564
5170
3644
5195
9330
2825
1569
3648
9344
2827
2830
3649
2146
5228
9388
9390
1573
2150
1576
1169
5252
1172
3670
9449
5265
9478
2840
9509
2845
3685
5306
3690
9603
3694
2863
3701
2867
3705
9706
5379
9728
1628
2879
9759
3722
3730
5416
5417
2204
3748
1220
2897
2900
2906
9953
5484
9977
2219
2915
5504
3764
3766
2917
2918
1667
1229
10110
10111
2929
3785
5542
10122
10127
1230
5553
3793
10154
5559
2232
5569
10198
5577
5582
5583
2933
10229
3806
10232
963
3815
3824
2942
5633
3825
3826
5642
2948
10386
5657
2951
2246
10462
2247
3838
5709
3840
3841
3843
2249
1682
5730
1683
2961
3854
2254
5776
5781
2969
5797
3859
2260
5841
1691
3872
3873
2269
2271
3880
10819
3882
5870
10845
1697
5883
1699
1255
10898
5908
10931
3902
2288
1260
3008
3917
5974
5975
11047
5996
5999
6009
3937
3025
6043
3027
1273
6059
2303
2304
3954
3957
3959
1276
11285
1740
3961
11302
11325
6113
11328
11330
11338
3048
3049
11348
3966
6121
11370
11377
6132
3051
6133
3056
996
3057
6168
1287
6171
3069
3071
3990
11470
11474
4005
11560
11609
6284
3093
3095
4033
11758
11759
11760
1018
4036
6320
11773
11778
6329
3099
4044
6350
4049
4051
11868
6365
11872
11877
3114
4059
3119
2381
4065
3124
4066
11979
6405
11983
11991
6432
6441
12083
3141
12135
6507
4102
6527
3149
3152
6559
3154
4112
4123
6602
1850
6688
2421
4145
1852
2423
4147
6700
12757
3171
12784
6766
4164
6776
1857
12811
1858
12834
1859
3176
12862
3178
6803
12896
4178
12911
6811
6813
2437
12942
6823
3190
4208
13062
13072
6852
6854
13081
13090
6865
6868
3199
6870
4215
13116
6880
13126
13128
3203
13134
6881
13136
1360
13148
13154
13155
13156
4219
1874
1875
3207
4227
4233
6942
6951
6954
4239
6960
3219
4246
13314
13318
3226
13355
6983
13359
13365
6987
6990
13370
13371
6991
6992
7002
2460
13400
1375
1376
7013
13426
13427
13434
13435
13436
7021
7026
13461
13474
13487
7037
13512
13515
3239
2469
4268
13588
13596
7092
4277
7107
7115
3250
4284
13734
7137
4285
13740
2477
13754
1897
7141
13760
13762
7148
1907
13788
4291
4292
7160
7162
3261
1061
2493
7185
7190
13905
4316
7200
3274
13981
3276
4327
13999
14009
14011
14037
3284
7267
7271
14060
3288
4344
4352
7288
7289
2542
1939
2544
4360
14162
4368
3304
4377
3315
2567
14306
7379
4394
14429
7428
14438
4406
7464
4416
3329
3331
14603
4417
7517
4420
4421
1969
7545
2586
1971
14727
14738
7606
1979
14775
7608
14782
14783
14784
7609
4453
14788
14790
7614
14806
14814
7623
7624
7626
4457
14833
14844
3354
7640
7641
3358
14882
7658
14892
14902
14913
7673
4468
14938
7685
14951
14957
7689
7690
14977
14981
14982
4477
2610
15015
15080
4505
2627
15098
7762
4514
15128
15182
15220
7813
3392
7834
3395
15336
4543
4545
7888
7922
7930
7936
4552
7939
7941
3403
7945
15499
7950
7959
7960
7968
7977
2653
4582
15575
15590
15593
15594
4605
8032
15604
8039
8044
4610
2663
3433
3434
8056
15636
15642
15643
15645
8062
8066
8079
15693
1460
15706
15727
4631
15777
1463
8157
4643
15867
2674
4651
3449
2676
15942
15977
15993
16046
4671
4672
8248
8270
16166
4697
8336
8351
16321
