0:1 2147483645 -1 
1:1 2147478171 2147478694 -2147483375 -2147483374 -2147483373 -2147483372 -2147483371 -2147483370 -2147483369 -2147483368 -2147483367 -2147483366 -2147483365 -2147483364 -2147483363 -2147483362 -2147483361 -2147483360 -2147483359 -2147483358 -2147483357 -2147483356 -2147483355 
2:1 6539 12271 2147480667 12272 12273 6540 2147478698 2147480772 
3:1 10789 3875 10788 
4:1 5849 5848 2147481771 10787 10786 2147481775 10785 
5:1 -2147482977 -2147482978 -2147482979 -2147482980 -2147482981 -2147482982 -2147482983 -2147482984 -2147482985 -2147482986 -2147482987 -2147482988 -2147482989 -2147482990 -2147482991 -2147482992 -2147482993 -2147482994 -2147482995 -2147482996 -2147482997 3871 
6:1 5735 10557 10556 
7:1 10542 
8:1 2147481894 
9:1 2147479220 15088 10377 
10:1 4602 12954 5633 
11:1 10323 
12:1 13408 2147479800 3232 13404 13405 
13:1 13403 2147479804 
14:1 3812 
15:1 2147483113 10273 10272 
16:1 2147482714 
17:1 5596 10258 
18:1 10257 10256 10255 10254 10253 5594 
19:1 11400 11399 11398 2147482929 
20:1 2147478441 2147482258 2147479484 10244 
21:1 7762 5587 
22:1 11361 14821 2147479588 2147481309 
23:1 2147482586 
24:1 2147482588 
25:1 2147478932 
26:1 6967 13309 2147479964 4130 14118 7015 
27:1 2147478827 14776 14777 14778 5901 2147478819 
28:1 10916 
29:1 2147482446 2147481657 -2147483648 -2147483647 -2147483646 -2147483645 -2147483644 -2147483643 -2147483642 -2147483641 -2147483640 -2147483639 -2147483638 -2147483637 -2147483636 -2147483635 -2147483634 -2147483633 -2147483632 -2147483631 -2147483630 -2147483629 -2147483628 
30:1 13051 2147479226 
31:1 2147480748 7692 2147480172 
32:1 -2147482892 -2147482891 -2147482890 -2147482889 -2147482888 -2147482887 -2147482886 -2147482885 -2147482884 -2147482883 -2147482882 -2147482881 -2147482880 -2147482879 -2147482878 -2147482877 -2147482876 -2147482875 -2147482874 -2147482873 -2147482872 2147479203 2147478266 
33:1 2147482158 
34:1 -2147482787 -2147482786 -2147482785 -2147482784 -2147482783 -2147482782 -2147482781 -2147482780 -2147482779 -2147482778 -2147482777 -2147482776 -2147482775 -2147482774 -2147482773 -2147482772 -2147482771 -2147482770 -2147482769 -2147482768 -2147482767 2147479126 
35:1 2147478783 
36:1 12295 12296 12297 6548 12298 12299 12300 2405 2337 
37:1 -2147483271 -2147483272 -2147483273 -2147483274 -2147483275 -2147483276 -2147483277 -2147483278 -2147483279 -2147483280 -2147483281 -2147483282 -2147483283 -2147483284 -2147483285 -2147483286 -2147483287 -2147483288 -2147483289 -2147483290 -2147483291 2147482147 
38:1 2147479072 
39:1 2147479092 
40:1 -2147482788 -2147482789 -2147482790 -2147482791 -2147482792 -2147482793 -2147482794 -2147482795 -2147482796 -2147482797 -2147482798 -2147482799 -2147482800 -2147482801 -2147482802 -2147482803 -2147482804 -2147482805 -2147482806 -2147482807 -2147482808 
41:1 11997 11751 11752 2147481692 
42:1 13631 13630 5567 
43:1 11756 11757 2147481037 4034 4037 2147479324 11766 2147481720 2147480212 2147479687 11759 11760 
44:1 11707 11346 
45:1 2147482387 
46:1 2147480220 13110 13111 13112 6871 2147480216 13113 13114 2147481793 14622 
47:1 2147477842 
48:1 15964 15965 15966 15967 15968 15969 2147479560 
49:1 6102 
50:1 15519 14645 15518 11242 
51:1 6077 
52:1 11171 
53:1 11162 11161 11160 11159 6039 2147480964 11158 2147481507 2147481517 6033 
54:1 2147479580 
55:1 5975 
56:1 2147481328 2147481324 2147481320 2147481314 11350 11351 2147481305 11353 
57:1 2147480162 2147478946 13988 
58:1 10157 
59:1 2147482059 7436 5550 10136 2147479207 2147477720 
60:1 13157 2147480095 3711 9685 
61:1 9633 5340 5339 
62:1 3699 9632 2861 
63:1 2147482868 2869 5336 9662 9660 9659 
64:1 5331 
65:1 2147481419 2147479286 9604 
66:1 2147482043 2147482675 9602 
67:1 2147480682 5290 8070 -2147483501 -2147483500 -2147483499 -2147483498 -2147483497 -2147483496 -2147483495 -2147483494 -2147483493 -2147483492 -2147483491 -2147483490 -2147483489 -2147483488 -2147483487 -2147483486 -2147483485 -2147483484 -2147483483 -2147483482 -2147483481 
68:1 9998 5280 
69:1 13386 2147482808 5281 9502 1591 1590 
70:1 2147480829 
71:1 2147481029 2147480848 
72:1 3713 
73:1 2147479256 2147480275 
74:1 15253 15252 15251 -2147483165 -2147483164 -2147483163 -2147483162 -2147483161 -2147483160 -2147483159 -2147483158 -2147483157 -2147483156 -2147483155 -2147483154 -2147483153 -2147483152 -2147483151 -2147483150 -2147483149 -2147483148 -2147483147 -2147483146 -2147483145 2147478331 
75:1 10271 5604 5605 2147482101 
76:1 -2147483564 -2147483563 -2147483562 -2147483561 -2147483560 -2147483559 -2147483558 -2147483557 -2147483556 -2147483555 -2147483554 -2147483553 -2147483552 -2147483551 -2147483550 -2147483549 -2147483548 -2147483547 -2147483546 -2147483545 -2147483544 2147478298 
77:1 -2147483312 -2147483311 -2147483310 -2147483309 -2147483308 -2147483307 -2147483306 -2147483305 -2147483304 -2147483303 -2147483302 -2147483301 -2147483300 -2147483299 -2147483298 -2147483297 -2147483296 -2147483295 -2147483294 -2147483293 -2147483292 2147482121 
78:1 12293 2147478315 
79:1 9620 9621 9442 5260 9443 9444 9445 
80:1 9627 9626 9625 9624 9622 9441 3668 
81:1 10022 10023 10024 5505 10026 3667 10028 10029 10035 10034 10033 5508 10036 10037 10038 2147480795 6875 
82:1 2147480946 
83:1 9392 
84:1 3656 9390 9388 5229 9386 
85:1 3769 2147480178 9387 2147483585 5227 
86:1 12590 12589 2147478319 6682 12651 3165 
87:1 11599 11598 4013 
88:1 13838 13837 2147479377 -2147482955 -2147482954 -2147482953 -2147482952 -2147482951 -2147482950 -2147482949 -2147482948 -2147482947 -2147482946 -2147482945 -2147482944 -2147482943 -2147482942 -2147482941 -2147482940 -2147482939 -2147482938 -2147482937 -2147482936 -2147482935 2147480449 2147481958 
89:1 9793 5402 3729 2885 9774 3724 15615 9773 
90:1 10134 
91:1 2147480156 
92:1 -2147483081 -2147483080 -2147483079 -2147483078 -2147483077 -2147483076 -2147483075 -2147483074 -2147483073 -2147483072 -2147483071 -2147483070 -2147483069 -2147483068 -2147483067 -2147483066 -2147483065 -2147483064 -2147483063 -2147483062 -2147483061 12631 2924 2147480676 
93:1 2147482288 10109 
94:1 2147481161 10101 10100 
95:1 -2147483480 -2147483479 -2147483478 -2147483477 -2147483476 -2147483475 -2147483474 -2147483473 -2147483472 -2147483471 -2147483470 -2147483469 -2147483468 -2147483467 -2147483466 -2147483465 -2147483464 -2147483463 -2147483462 -2147483461 -2147483460 2147479603 
96:1 2147480686 5523 3771 
97:1 2147481171 5520 
98:1 10032 
99:1 10027 
100:1 6833 2147481922 2147478241 13120 
101:1 9971 9970 9969 9968 
102:1 3715 
103:1 9967 
104:1 2147479270 9901 9902 
105:1 2147483631 5449 
106:1 9880 3750 
107:1 2147481851 2147478686 2147483245 14484 7450 14483 14482 5766 
108:1 14488 14487 14486 14485 3741 
109:1 2147478469 4324 7231 7230 13979 2147479316 2147479968 
110:1 -2147482829 -2147482828 -2147482827 -2147482826 -2147482825 -2147482824 -2147482823 -2147482822 -2147482821 -2147482820 -2147482819 -2147482818 -2147482817 -2147482816 -2147482815 -2147482814 -2147482813 -2147482812 -2147482811 -2147482810 -2147482809 2147481908 2147482503 14659 
111:1 9836 9835 9834 9833 5419 
112:1 14901 3423 2147480271 2147478775 2147478942 
113:1 9797 5403 9795 
114:1 3767 5400 1636 5401 
115:1 2147481345 2147479522 2147478366 7526 2147478473 
116:1 5455 9904 9903 
117:1 7019 2147481855 13433 
118:1 11609 
119:1 11623 11622 6259 
120:1 15196 7797 15260 15261 15262 
121:1 7796 15195 7795 
122:1 15683 15681 2147482945 15682 
123:1 -2147482766 -2147482765 -2147482764 -2147482763 -2147482762 -2147482761 -2147482760 -2147482759 -2147482758 -2147482757 -2147482756 -2147482755 -2147482754 -2147482753 -2147482752 -2147482751 -2147482750 -2147482749 -2147482748 -2147482747 -2147482746 2147478665 
124:1 4493 
125:1 2147482630 
126:1 2147482039 2147478035 
127:1 14972 
128:1 14917 7673 
129:1 2147483239 
130:1 14851 
131:1 14826 
132:1 2147479691 
133:1 14797 
134:1 7600 
135:1 14756 14755 15534 15533 
136:1 -2147483586 -2147483587 -2147483588 -2147483589 -2147483590 -2147483591 -2147483592 -2147483593 -2147483594 -2147483595 -2147483596 -2147483597 -2147483598 -2147483599 -2147483600 -2147483601 -2147483602 -2147483603 -2147483604 -2147483605 -2147483606 4417 
137:1 14563 
138:1 7473 7472 7471 7470 
139:1 2147481047 
140:1 2147481584 2147482499 
141:1 2147479856 
142:1 2147478505 
143:1 14180 
144:1 2147481165 
145:1 15523 4352 
146:1 14792 
147:1 2147479890 
148:1 2147483143 
149:1 15499 
150:1 -2147482830 -2147482831 -2147482832 -2147482833 -2147482834 -2147482835 -2147482836 -2147482837 -2147482838 -2147482839 -2147482840 -2147482841 -2147482842 -2147482843 -2147482844 -2147482845 -2147482846 -2147482847 -2147482848 -2147482849 -2147482850 
151:1 -2147482851 -2147482852 -2147482853 -2147482854 -2147482855 -2147482856 -2147482857 -2147482858 -2147482859 -2147482860 -2147482861 -2147482862 -2147482863 -2147482864 -2147482865 -2147482866 -2147482867 -2147482868 -2147482869 -2147482870 -2147482871 
152:1 -2147482893 -2147482894 -2147482895 -2147482896 -2147482897 -2147482898 -2147482899 -2147482900 -2147482901 -2147482902 -2147482903 -2147482904 -2147482905 -2147482906 -2147482907 -2147482908 -2147482909 -2147482910 -2147482911 -2147482912 -2147482913 
153:1 -2147482914 -2147482915 -2147482916 -2147482917 -2147482918 -2147482919 -2147482920 -2147482921 -2147482922 -2147482923 -2147482924 -2147482925 -2147482926 -2147482927 -2147482928 -2147482929 -2147482930 -2147482931 -2147482932 -2147482933 -2147482934 
154:1 -2147482956 -2147482957 -2147482958 -2147482959 -2147482960 -2147482961 -2147482962 -2147482963 -2147482964 -2147482965 -2147482966 -2147482967 -2147482968 -2147482969 -2147482970 -2147482971 -2147482972 -2147482973 -2147482974 -2147482975 -2147482976 
155:1 -2147482998 -2147482999 -2147483000 -2147483001 -2147483002 -2147483003 -2147483004 -2147483005 -2147483006 -2147483007 -2147483008 -2147483009 -2147483010 -2147483011 -2147483012 -2147483013 -2147483014 -2147483015 -2147483016 -2147483017 -2147483018 
156:1 -2147483040 -2147483041 -2147483042 -2147483043 -2147483044 -2147483045 -2147483046 -2147483047 -2147483048 -2147483049 -2147483050 -2147483051 -2147483052 -2147483053 -2147483054 -2147483055 -2147483056 -2147483057 -2147483058 -2147483059 -2147483060 
157:1 -2147483103 -2147483104 -2147483105 -2147483106 -2147483107 -2147483108 -2147483109 -2147483110 -2147483111 -2147483112 -2147483113 -2147483114 -2147483115 -2147483116 -2147483117 -2147483118 -2147483119 -2147483120 -2147483121 -2147483122 -2147483123 
158:1 -2147483124 -2147483125 -2147483126 -2147483127 -2147483128 -2147483129 -2147483130 -2147483131 -2147483132 -2147483133 -2147483134 -2147483135 -2147483136 -2147483137 -2147483138 -2147483139 -2147483140 -2147483141 -2147483142 -2147483143 -2147483144 
159:1 -2147483166 -2147483167 -2147483168 -2147483169 -2147483170 -2147483171 -2147483172 -2147483173 -2147483174 -2147483175 -2147483176 -2147483177 -2147483178 -2147483179 -2147483180 -2147483181 -2147483182 -2147483183 -2147483184 -2147483185 -2147483186 
160:1 -2147483187 -2147483188 -2147483189 -2147483190 -2147483191 -2147483192 -2147483193 -2147483194 -2147483195 -2147483196 -2147483197 -2147483198 -2147483199 -2147483200 -2147483201 -2147483202 -2147483203 -2147483204 -2147483205 -2147483206 -2147483207 
161:1 -2147483208 -2147483209 -2147483210 -2147483211 -2147483212 -2147483213 -2147483214 -2147483215 -2147483216 -2147483217 -2147483218 -2147483219 -2147483220 -2147483221 -2147483222 -2147483223 -2147483224 -2147483225 -2147483226 -2147483227 -2147483228 
162:1 2639 
163:1 -2147483229 -2147483230 -2147483231 -2147483232 -2147483233 -2147483234 -2147483235 -2147483236 -2147483237 -2147483238 -2147483239 -2147483240 -2147483241 -2147483242 -2147483243 -2147483244 -2147483245 -2147483246 -2147483247 -2147483248 -2147483249 
164:1 -2147483334 -2147483335 -2147483336 -2147483337 -2147483338 -2147483339 -2147483340 -2147483341 -2147483342 -2147483343 -2147483344 -2147483345 -2147483346 -2147483347 -2147483348 -2147483349 -2147483350 -2147483351 -2147483352 -2147483353 -2147483354 
165:1 -2147483397 -2147483398 -2147483399 -2147483400 -2147483401 -2147483402 -2147483403 -2147483404 -2147483405 -2147483406 -2147483407 -2147483408 -2147483409 -2147483410 -2147483411 -2147483412 -2147483413 -2147483414 -2147483415 -2147483416 -2147483417 
166:1 -2147483418 -2147483419 -2147483420 -2147483421 -2147483422 -2147483423 -2147483424 -2147483425 -2147483426 -2147483427 -2147483428 -2147483429 -2147483430 -2147483431 -2147483432 -2147483433 -2147483434 -2147483435 -2147483436 -2147483437 -2147483438 
167:1 -2147483439 -2147483440 -2147483441 -2147483442 -2147483443 -2147483444 -2147483445 -2147483446 -2147483447 -2147483448 -2147483449 -2147483450 -2147483451 -2147483452 -2147483453 -2147483454 -2147483455 -2147483456 -2147483457 -2147483458 -2147483459 
168:1 -2147483502 -2147483503 -2147483504 -2147483505 -2147483506 -2147483507 -2147483508 -2147483509 -2147483510 -2147483511 -2147483512 -2147483513 -2147483514 -2147483515 -2147483516 -2147483517 -2147483518 -2147483519 -2147483520 -2147483521 -2147483522 
169:1 4710 
170:1 2147477695 
171:1 2147479490 
172:1 8199 
173:1 8195 15956 15955 8194 
174:1 15954 15953 8193 15952 8192 
175:1 15596 
176:1 -2147483250 -2147483251 -2147483252 -2147483253 -2147483254 -2147483255 -2147483256 -2147483257 -2147483258 -2147483259 -2147483260 -2147483261 -2147483262 -2147483263 -2147483264 -2147483265 -2147483266 -2147483267 -2147483268 -2147483269 -2147483270 
177:1 2147482951 5196 9317 5197 5198 9319 9320 9322 9323 9324 9325 
178:1 2147479925 
179:1 2147480701 2147480350 
180:1 7937 2147478285 
181:1 2147481391 2435 2147483351 
182:1 12899 
183:1 12897 
184:1 2147480517 -2147483607 -2147483608 -2147483609 -2147483610 -2147483611 -2147483612 -2147483613 -2147483614 -2147483615 -2147483616 -2147483617 -2147483618 -2147483619 -2147483620 -2147483621 -2147483622 -2147483623 -2147483624 -2147483625 -2147483626 -2147483627 
185:1 -2147483082 -2147483083 -2147483084 -2147483085 -2147483086 -2147483087 -2147483088 -2147483089 -2147483090 -2147483091 -2147483092 -2147483093 -2147483094 -2147483095 -2147483096 -2147483097 -2147483098 -2147483099 -2147483100 -2147483101 -2147483102 2147480109 
186:1 2147478767 
187:1 2418 12588 12587 12586 12585 
188:1 2147481033 6661 
189:1 12576 
190:1 12572 12570 6647 12569 6646 
191:1 6886 2147480016 
192:1 2147481586 6805 6806 
193:1 12952 12951 4192 3182 2147480026 13024 6840 
194:1 12244 6534 6533 4105 
195:1 2147482864 2147480061 2147478251 
196:1 15076 4261 15075 15074 11953 
197:1 7732 15068 4050 15438 4489 
198:1 11822 3106 11821 
199:1 2147480047 2147481008 7009 11810 15521 
200:1 2147478690 7737 7735 7736 2147478190 15073 
201:1 2147478205 
202:1 2147479775 6329 
203:1 2147478562 2147480250 
204:1 2147479454 2147477836 
205:1 6265 
206:1 12275 6541 2401 -2147483396 -2147483395 -2147483394 -2147483393 -2147483392 -2147483391 -2147483390 -2147483389 -2147483388 -2147483387 -2147483386 -2147483385 -2147483384 -2147483383 -2147483382 -2147483381 -2147483380 -2147483379 -2147483378 -2147483377 -2147483376 
207:1 14054 
208:1 2147483098 
209:1 6826 4195 
210:1 2147478132 
211:1 7219 7216 
212:1 4320 13945 7209 4319 7208 7207 7206 
213:1 2147480989 
214:1 13892 
215:1 13891 7191 13890 13889 
216:1 4300 13828 2147482781 13827 2489 
217:1 13819 7165 7164 7163 
218:1 13771 
219:1 7967 15547 15546 1893 15544 
220:1 7089 
221:1 13462 7028 2147479713 
222:1 12909 12908 6808 12907 
223:1 2468 
224:1 13431 13411 
225:1 13393 
226:1 13374 13373 
227:1 13942 13943 13153 
228:1 13123 
229:1 7724 6878 6877 
230:1 -2147483039 -2147483038 -2147483037 -2147483036 -2147483035 -2147483034 -2147483033 -2147483032 -2147483031 -2147483030 -2147483029 -2147483028 -2147483027 -2147483026 -2147483025 -2147483024 -2147483023 -2147483022 -2147483021 -2147483020 -2147483019 3197 
231:1 14102 3192 4351 
232:1 2147480369 
233:1 13027 13026 13028 
234:1 12998 12997 
235:1 2147480403 
236:1 13435 
237:1 2147478024 5140 2147482403 2147482955 
238:1 -2 -2147482725 -2147482726 -2147482727 -2147482728 -2147482729 -2147482730 -2147482731 -2147482732 -2147482733 -2147482734 -2147482735 -2147482736 -2147482737 -2147482738 -2147482739 -2147482740 -2147482741 -2147482742 -2147482743 -2147482744 -2147482745 
239:1 8889 
240:1 13822 13823 13824 9085 7166 
241:1 2147478511 2147480214 2147480587 2147480436 
242:1 -2147483523 -2147483524 -2147483525 -2147483526 -2147483527 -2147483528 -2147483529 -2147483530 -2147483531 -2147483532 -2147483533 -2147483534 -2147483535 -2147483536 -2147483537 -2147483538 -2147483539 -2147483540 -2147483541 -2147483542 -2147483543 2147483233 2147483033 4457 8870 8869 8868 4977 
243:1 12292 6547 2147480595 
244:1 6256 6255 2147481105 11608 2147481399 8923 
245:1 2147477992 2147480715 2147478759 2147483265 10278 2147477913 
246:1 2147477915 
247:1 2147480761 2147481590 -2147483333 -2147483332 -2147483331 -2147483330 -2147483329 -2147483328 -2147483327 -2147483326 -2147483325 -2147483324 -2147483323 -2147483322 -2147483321 -2147483320 -2147483319 -2147483318 -2147483317 -2147483316 -2147483315 -2147483314 -2147483313 
248:1 2147479007 
249:1 9087 9086 5080 5079 2147483130 5078 
250:1 8815 
251:1 11721 6301 9109 
252:1 2147479240 2147478970 4979 
253:1 13461 14738 14739 11892 2147481495 2147479992 8962 9459 2147482939 2147483284 2147478821 2147478475 3747 2147478106 2147480854 2147480719 2147478323 3571 
254:1 8913 
255:1 1509 
256:1 8613 4844 2147483447 8612 2078 5554 10148 2147482872 
257:1 15592 -2147483585 -2147483584 -2147483583 -2147483582 -2147483581 -2147483580 -2147483579 -2147483578 -2147483577 -2147483576 -2147483575 -2147483574 -2147483573 -2147483572 -2147483571 -2147483570 -2147483569 -2147483568 -2147483567 -2147483566 -2147483565 2147478128 2147478988 8031 
258:1 8931 8928 8927 8893 2147483417 8894 4996 4997 
259:1 15598 3513 
260:1 2147478612 
261:1 8912 8911 
262:1 2147481395 2147478598 2147480888 2147481653 11049 11048 
263:1 2147483347 4938 8787 2776 8788 2147483343 8789 8790 8791 8792 8793 8794 8795 
264:1 2147483259 9121 
265:1 2147478706 2147478909 4961 
266:2 12898 6804 
267:2 4605 
268:2 5600 
269:2 4464 
270:2 14977 10238 
271:2 4256 2147479350 3085 
272:2 13836 
273:2 13957 12345 
274:2 15605 
275:2 3810 
276:2 10235 
277:2 13368 13369 2147479884 2147479877 2147479868 2147479863 2147479858 13372 
278:2 16321 7097 
279:2 10756 
280:2 15079 
281:2 8965 8964 2147481974 2147482152 
282:2 2147481316 15667 2147480766 
283:2 2147477899 
284:2 5801 
285:2 2147481275 10303 10304 1158 
286:2 8543 4801 8542 8541 8540 
287:2 13395 13394 
288:2 13155 
289:2 10280 
290:2 6891 
291:2 11763 11764 11765 2147483616 11753 2147480581 13814 3900 8821 
292:2 15336 
293:2 14989 
294:2 13447 
295:2 7024 13452 13451 13450 
296:2 13602 
297:2 2147480282 
298:2 2147483280 10301 10302 
299:2 9682 2187 9714 9715 9679 
300:2 5958 
301:2 7005 13401 7004 2147479811 13399 
302:2 5231 9393 9395 9396 2147479001 
303:2 3591 2147483038 4805 
304:2 15638 
305:2 10057 10056 10055 5516 
306:2 5905 9515 9366 3652 5218 9365 
307:2 6884 2147479608 
308:2 5046 5045 
309:2 4227 4226 9151 13235 
310:2 2147479382 
311:2 2147482810 4042 9427 
312:2 3748 
313:2 7696 2147482986 2147480637 2147478745 
314:2 7866 4537 7388 7387 
315:2 11977 
316:2 11983 
317:2 2147483150 2147483094 
318:2 2674 
319:2 2147482790 
320:2 14791 14790 14789 
321:2 11600 
322:2 2147483452 
323:2 2147480378 
324:2 15497 2147478258 
325:2 14578 2147478588 
326:2 3691 2147480206 2147478581 
327:2 10138 2147482229 5551 
328:2 14968 14497 2147480996 14966 14965 
329:2 7626 7625 
330:2 10142 
331:2 9147 3543 
332:2 12002 
333:2 7619 
334:2 11771 
335:3 5342 
336:3 13400 9713 9710 10198 5578 9705 13622 11009 2147480228 2147477780 2147482598 5378 5379 
337:3 1650 
338:3 4065 5417 
339:3 15078 
340:3 13354 13352 13351 13350 6982 
341:3 15025 
342:3 7084 8969 
343:3 2915 
344:3 13423 
345:3 2147478847 14772 14771 7605 14770 14769 14768 7604 
346:3 13981 
347:3 2147479446 2484 
348:3 9720 2147481385 9719 
349:3 14801 14800 14799 
350:3 14819 9084 
351:3 7070 13587 2147481596 13586 13585 13584 7069 13583 4272 7068 13582 
352:3 14811 5599 2147482724 14810 
353:3 2147481513 2147478353 
354:3 14008 5115 2147482935 8976 
355:3 11982 5546 
356:3 2147483550 2147481989 2147479345 
357:3 2147478813 2147478807 2147478801 14785 
358:3 4284 2147480589 
359:3 13958 
360:3 8019 3374 7740 
361:3 14973 7694 
362:3 15670 15492 2147480780 15672 8032 
363:3 15104 10059 
364:3 13430 13429 2147483381 8026 
365:3 15182 
366:3 14981 2147478501 14984 14985 14986 2147478493 2147478487 4478 14987 14988 
367:3 15590 
368:3 2147478272 7940 5922 
369:3 12970 
370:3 15475 
371:3 15526 2147481667 7946 
372:3 12967 
373:3 9397 
374:3 11800 11799 11798 11797 6335 
375:3 13848 2147478546 9108 9107 9106 9105 
376:3 11093 11092 11091 
377:3 12789 
378:3 3021 
379:3 2152 
380:3 2147478008 
381:3 15597 
382:3 7624 14828 2147482127 
383:3 2147479546 
384:3 15684 8077 
385:3 2147483357 
386:3 11770 
387:3 5228 5226 9385 
388:3 8908 
389:3 13613 7086 13612 13611 7085 13610 3596 8971 10246 8967 
390:3 15087 
391:3 3203 13133 13134 2147480152 13135 6882 2147480146 2147480180 13125 2147477762 6879 
392:3 15103 15102 7761 15101 
393:3 3590 5027 8963 
394:3 2147483227 2147481879 
395:3 2147483515 8535 8536 8537 3528 8538 8539 2063 
396:3 2147480132 
397:3 14970 14975 7695 2147478640 2147478628 13184 
398:3 6320 5881 
399:3 15650 
400:3 4607 2147478680 2147480661 2147481745 2147482024 
401:3 13129 13128 
402:3 14911 14912 2147478606 14914 14915 
403:4 4450 2147481647 
404:4 10143 
405:4 13733 13732 7141 13757 13756 2147479529 13755 2147479538 13753 4286 7140 
406:4 4350 14098 7285 
407:4 6990 2147477894 
408:4 6416 
409:4 4325 13980 
410:4 11785 11784 11783 
411:4 2147478292 
412:4 2893 5438 
413:4 8035 11474 2147479674 2845 14822 
414:4 11338 11337 11336 
415:4 11343 3965 2147482512 11342 11341 2147481337 11340 
416:4 7964 7963 7962 11352 
417:4 3356 2147483027 4446 2602 7672 
418:4 11375 11374 11372 11371 
419:4 2147482191 
420:4 2147480513 
421:4 4039 
422:4 7682 11796 
423:4 13964 13963 4322 
424:4 6331 
425:4 11302 11301 11300 6106 
426:4 11723 11722 
427:4 11762 
428:4 15015 2147479912 
429:4 2309 10710 6099 3959 
430:4 2147482817 13839 
431:4 4454 2147478090 
432:4 14886 14885 2147483603 14884 2147481268 7657 14883 12722 2147483638 2147483120 4916 7655 14881 14880 
433:4 13443 
434:4 13122 3201 
435:4 13440 
436:4 6880 
437:4 13137 
438:4 7003 
439:4 15487 7942 4554 1925 7943 15488 15489 3403 15490 15491 4555 15493 15494 1360 15495 7944 
440:4 11755 10645 
441:4 2147482143 14732 2147478955 11660 8959 8957 
442:4 13392 2459 
443:4 2147477988 2256 3861 
444:4 13389 3230 
445:4 4255 
446:4 2147479921 13355 
447:4 4447 3872 14764 
448:4 2147479940 2147479947 
449:4 2941 
450:4 12969 
451:4 13427 13441 15550 2147481804 2147480565 7020 13434 13442 3039 2147482238 1991 4865 
452:4 11768 11769 2147480397 3171 
453:4 13055 2147481482 13057 
454:4 4298 
455:4 13796 13795 13794 7159 13793 13792 13791 13790 4293 13789 
456:4 15652 2147483647 15642 
457:4 13329 13328 13327 13326 6976 6975 13325 
458:4 2452 14807 2147478747 14805 
459:4 8055 3435 2147478010 8057 
460:4 2147479901 11280 
461:4 3250 
462:4 2147480511 12791 4163 
463:4 11640 11095 
464:4 12894 12893 12890 
465:4 13094 13095 13096 13097 4213 2147480244 13098 13099 13100 13101 13102 13103 13104 6866 13105 6867 2147480237 1519 4214 
466:4 8064 15647 8063 7452 2147479300 4179 
467:4 10237 14783 8974 5032 
468:4 4181 
469:4 2147481284 
470:4 8977 
471:4 7520 6314 
472:4 13750 
473:4 6409 11991 11990 11989 11987 11985 2342 11984 6408 6407 2147482696 5350 
474:4 7958 
475:4 15045 7720 4484 7718 15043 15044 7719 15042 
476:4 2666 
477:4 1972 
478:4 10919 5195 
479:4 11560 2147482529 2147478031 6171 2147479197 8527 
480:4 5090 9112 5091 9114 9115 9116 9104 
481:4 15673 15671 
482:4 15512 7950 15511 
483:4 14890 14889 
484:4 7515 14603 2147480443 7516 14604 
485:4 15094 15093 15092 
486:4 9357 5214 5213 3650 2147482903 9356 9355 9354 
487:4 8347 16291 8346 
488:4 14863 14862 3357 14861 
489:4 14781 
490:4 6970 2147478373 13313 2147479956 13315 
491:4 14823 
492:4 2147481369 
493:4 3820 9768 
494:4 14796 14795 14794 7614 14793 
495:4 5341 9635 9634 
496:4 7959 
497:4 14817 
498:4 15599 
499:4 15535 
500:4 9678 
501:4 14920 4466 14919 7675 7674 
502:4 15601 
503:4 15540 7965 15539 2646 15538 
504:4 13060 13061 6848 2147480302 6849 2147480293 13063 9394 13065 6850 13066 13067 13068 13069 13745 
505:4 16063 16061 
506:4 3511 
507:4 15026 
508:5 5874 10840 
509:5 11279 2147481431 11277 11276 11275 6096 
510:5 6961 13297 13229 13230 13231 13232 
511:5 13236 6934 
512:5 6936 6935 
513:5 3236 2147481931 13439 
514:5 6132 11377 11376 6131 2147481916 6130 
515:5 5317 9570 9569 9568 
516:5 6395 
517:5 13158 6893 6892 
518:5 15208 7799 15207 15206 15205 7798 15204 15203 15202 15200 15199 15198 15197 
519:5 2147479248 7266 14038 7268 2147479236 2147482438 3284 7269 14040 14041 14042 14043 14044 2610 14049 7271 14050 7272 
520:5 13445 13444 
521:5 15991 15990 
522:5 2147481902 
523:5 15213 7801 15212 15211 7800 
524:5 2147481783 14898 14899 14902 14903 7662 14904 7663 9543 7665 
525:5 13132 
526:5 7666 3839 10512 7667 
527:5 7699 
528:5 5028 
529:5 6118 3887 
530:5 15028 7712 7711 15027 7710 
531:5 6951 13272 
532:5 8966 
533:5 13761 2147479516 13763 4289 13764 7142 13765 7143 
534:5 10633 2147483208 10631 
535:5 7961 15536 15537 4482 
536:5 13387 
537:5 13384 13383 6998 
538:5 16052 16053 16051 
539:5 11397 2147480476 14806 3976 6145 6144 6143 6142 11396 11395 2147481207 11394 3975 3974 11393 6141 3973 
540:5 6971 11801 8052 13316 13317 
541:5 13362 
542:5 7265 9617 
543:5 13299 4242 2650 6962 13338 9399 6963 13300 13301 3220 4244 
544:5 7709 
545:5 3227 13344 
546:5 2599 13002 14829 7627 14830 4279 2147482305 3351 7629 
547:5 10754 10753 10752 
548:5 11735 2375 11734 6307 12070 3094 9640 
549:5 13320 6972 13319 
550:5 4479 15008 15007 15006 15005 15004 15003 7701 
551:5 8033 3226 
552:5 11853 6357 6356 
553:5 6358 
554:5 15002 15001 14999 
555:5 7758 4511 
556:5 11861 11860 
557:5 12088 3971 
558:5 1581 12979 12980 1579 1171 12981 
559:5 16292 16293 8348 16294 11960 8349 8185 16295 15937 2147480089 16297 8350 16299 2147477707 4708 8352 16301 
560:5 12046 12045 12044 2392 6435 12043 
561:5 12831 12827 4171 12826 
562:5 15668 15648 15649 
563:5 2147480499 6768 
564:5 11094 
565:5 2147478622 2147482925 5279 9493 
566:5 6977 4248 6978 4164 13332 4249 13333 13335 13336 13337 
567:5 15532 
568:5 12790 
569:5 14601 6105 
570:5 12729 12728 6740 12727 12721 12724 6738 12723 12725 12726 6739 6737 12720 
571:5 11122 6019 11121 11119 11118 2147481527 6018 11115 6017 11114 11113 11112 3936 6016 
572:5 12650 
573:5 11123 6022 
574:5 15543 7966 15542 15541 
575:5 8933 8934 8935 5011 5012 8936 8937 5013 5014 8938 8939 8940 3585 2147479879 8942 5015 8944 8945 8946 8947 8948 3574 
576:5 8060 15641 8059 2665 15639 
577:5 4606 
578:5 8108 8107 15738 2667 15737 15736 8106 15735 15734 15733 8273 2147477827 15732 8105 
579:5 15636 
580:5 4976 8865 4975 2147478873 8864 8863 8862 8861 2782 
581:5 2147481503 
582:5 11219 
583:5 8034 
584:5 6084 
585:5 2147481407 2147481415 11284 6100 11283 
586:5 6098 11281 3958 
587:5 2147481449 11272 6094 
588:5 12317 
589:5 3178 
590:5 6803 12889 12888 12887 
591:5 7952 
592:5 11077 11076 3016 2147481566 3927 2147478529 11075 11074 11073 11072 5998 11071 5997 11070 11069 2147481576 5995 3926 11068 11067 11066 11065 
593:5 15505 15506 2147483611 7947 15507 3977 
594:5 11980 11979 11978 11976 
595:5 2147482972 4209 13117 13076 6854 13075 13074 6853 6852 6851 
596:5 13448 
597:5 2147478056 2147479042 10890 10891 10892 5899 5900 10893 10894 13356 
598:5 9639 5345 9641 2866 9642 3702 5085 9643 5348 9644 9645 
599:5 3873 5025 3589 2147480938 2110 8955 5024 5023 8954 8953 5021 8952 5020 2796 3587 8951 8950 
600:5 13054 
601:5 3527 
602:5 11335 6117 
603:5 2147480928 
604:5 3046 11333 6116 11332 11349 11331 11330 11329 
605:5 9163 9164 9165 9166 5120 5121 2947 5559 8941 9167 9168 5122 9169 5123 
606:5 10932 10931 
607:5 8550 8549 8548 8546 2147482266 14775 2147479470 8544 4802 10917 4800 
608:5 5913 3902 
609:5 3183 6825 
610:5 16015 16016 16017 8919 16018 16019 3393 
611:5 15484 15483 
612:5 15695 
613:5 7528 2437 
614:5 12927 
615:5 12024 6427 12023 6426 6425 12022 12021 
616:5 15694 
617:5 4046 11832 11831 6348 11830 11829 984 
618:5 16064 8229 16065 16066 16067 16068 8230 8231 16069 16070 16071 16072 8232 16073 16074 8233 8234 16076 16077 8235 4477 2147477770 16078 
619:5 9500 
620:5 13739 2147479554 13741 13742 13743 13746 13747 13748 13749 
621:5 4472 2147478572 2147478837 7681 14939 13784 
622:5 15510 15509 
623:5 2147481379 11326 
624:5 9667 
625:5 15631 15632 8053 6225 15634 7631 8054 2664 15635 
626:5 2147483067 3097 2147480954 
627:5 7599 
628:5 7223 13966 13965 7222 
629:5 15095 15096 15097 2147478413 15099 7760 15100 
630:5 13588 13589 7071 13591 7072 7073 7074 13592 13593 7075 13594 13595 7076 7077 2147479641 13597 7078 13598 7079 13599 7080 13600 13601 
631:5 7218 4323 
632:5 9327 
633:5 14766 14765 2594 
634:5 14774 
635:5 3774 5525 10086 
636:5 5526 3775 
637:5 2147483489 10089 11894 5528 10091 10092 5529 5530 10094 10095 2922 3468 10096 
638:5 11713 
639:5 3593 
640:5 5518 15674 2147482476 10060 9063 12026 5519 
641:5 11483 3993 11482 3992 11481 11480 11479 11478 
642:5 5545 3787 10125 10123 2227 2147482246 3786 10121 10120 10119 10118 5543 10117 2147482254 10116 10115 3785 3784 10114 3783 
643:5 2147478849 9330 
644:5 4333 7246 14002 14003 14004 2147480195 2147479266 7249 14011 
645:5 11729 11728 11727 
646:5 15189 7790 15190 15551 4523 15191 2147479015 7793 15194 7794 
647:5 8076 4620 10139 
648:5 5382 3717 2147482561 2878 9738 
649:5 13422 5556 7018 
650:5 10169 10168 10167 10165 10164 2147483309 10163 10161 10162 5564 10160 10159 5563 11808 2147483425 5562 2931 3795 2147479310 10156 
651:5 7641 3354 
652:5 13847 4306 13846 13845 4305 7175 13842 13841 13840 
653:5 2147480316 9730 
654:5 11683 
655:5 7232 
656:5 9021 9020 9019 
657:5 4794 8523 8522 4793 4791 8521 8520 2147479120 4790 2147483560 2147483573 8519 
658:5 2147477810 2147479629 2147479448 2147478020 8443 15594 
659:5 9669 9670 5357 9671 5358 9672 5359 2147482620 3706 3707 5360 5361 
660:5 9868 5439 2147482706 9866 
661:5 12950 2147483059 
662:5 7684 4473 2147479358 14940 7685 14941 14942 14943 4254 14944 7607 14945 14947 14948 14949 2147478073 
663:5 6863 13089 13090 13091 9977 2147482420 6881 13092 4212 6864 13093 
664:5 11521 11520 
665:5 9879 
666:5 8450 8449 8448 8447 8446 8445 
667:5 3751 9886 9885 2147482464 9883 9882 9881 
668:5 4384 7382 14325 14324 14323 14322 7381 
669:5 2147478341 2147479667 14816 2147482372 2147479059 7620 7621 14815 15148 2147480900 7622 14814 14812 7623 
670:5 14607 
671:5 5974 5565 11023 
672:5 11611 
673:5 9900 9899 9898 5453 5452 2896 3753 9897 
674:5 14204 7330 14203 
675:5 16308 1322 
676:5 14188 7324 14187 8205 7323 3306 14185 
677:5 5618 10307 5619 10308 3823 10309 10310 10311 3603 10312 5620 5621 
678:5 14609 7518 
679:5 2147480709 14640 
680:5 13126 4772 2147482397 2147482689 
681:5 14100 7287 7286 14099 
682:5 14087 14086 4346 14085 14084 7282 4345 14082 7281 14081 14080 4344 
683:5 14711 
684:5 11820 957 
685:5 2524 
686:5 9896 
687:5 5206 2147477728 5205 9335 5204 9334 9333 9332 9331 9336 9337 9338 1569 5207 9340 3648 5209 9342 9343 5210 5211 9345 9346 9347 9348 9349 9350 9351 2147482915 9353 
688:5 9777 
689:5 14991 2147481191 7953 2147479034 
690:5 6164 
691:5 7118 13698 
692:5 5033 
693:5 14910 
694:5 14916 
695:5 13653 13652 
696:5 7156 13786 13788 963 4291 
697:5 15653 15654 15655 15656 8067 7941 15660 15661 15662 8069 5606 15664 
698:5 11780 11779 11778 11777 
699:5 9699 9698 9697 11689 5374 11688 5373 3712 5371 9694 9693 
700:5 5369 9687 9686 
701:5 5368 9684 9683 2147482847 5366 
702:5 10290 10289 5607 2147480468 2938 10288 10287 10286 10285 10284 
703:5 8975 2147481087 3407 5031 
704:5 9359 9358 5215 5216 9360 5217 9361 9362 9363 
705:5 7676 8056 14926 14925 
706:5 3149 2147480103 7021 2147483255 10294 
707:5 5220 5219 2147483273 9367 
708:5 5614 10296 10295 5613 3917 13573 6780 3822 10297 10298 5615 10299 5616 10300 
709:5 14953 7687 14952 
710:5 5364 9675 9674 5363 
711:5 7081 13608 13607 13606 13605 13604 13603 
712:5 2147478791 4453 14786 7610 7611 3239 14787 
713:5 4670 16060 4669 
714:5 2147477909 8663 10066 14166 14660 9530 2147480902 10067 10070 10071 5482 10064 3304 11561 15106 9062 
715:5 2147479771 7027 13459 13458 13457 13456 13455 2147479730 13454 7025 
716:5 7658 1889 14892 7659 
717:5 13723 13722 13721 13720 
718:5 7136 7135 
719:5 15618 
720:5 2147479462 
721:5 2147480558 14963 2147477941 2897 14967 2147482830 7690 7691 14964 
722:5 13816 13815 13813 13812 13811 13810 13809 7161 13808 13807 13805 13804 13803 13802 
723:5 13798 13797 
724:5 9718 
725:5 12829 12828 2147481739 12832 12833 12834 
726:5 14887 
727:5 4294 
728:5 13760 13759 13758 13752 
729:5 16084 14067 13825 
730:5 11435 6170 6169 11434 11433 11432 11431 
731:6 11614 6257 4017 11613 11612 
732:6 11733 11732 11731 11730 
733:6 5221 9368 9369 5222 9370 9372 9373 9374 9375 4760 9376 5223 5224 9378 4074 3654 9379 2146 9380 9382 9383 5225 
734:6 2827 8970 4798 2147483219 5029 2147483575 8726 5030 2112 
735:6 16165 
736:6 8459 8458 8457 8456 8455 8454 2732 4764 8453 8452 1492 8451 4762 4761 
737:6 6313 6312 11746 11745 11744 6311 
738:6 8867 2147480913 8866 
739:6 4052 
740:6 4187 6521 12205 12204 6520 1843 12203 4098 12202 12201 12200 12199 12198 12197 6519 
741:6 15999 15998 15997 15996 15995 15994 15993 8210 
742:6 16059 
743:6 15929 15928 15927 15926 15925 
744:6 11556 11555 7746 11554 11553 11552 11551 6227 
745:6 2147479700 6239 6237 11570 11569 
746:6 6315 
747:6 13478 13479 13480 4266 13483 13484 13485 7032 13486 13487 7033 13488 13489 13490 13491 13492 7035 7036 13494 13495 2147481756 7037 13496 13497 13498 13499 8298 13500 13501 1695 13502 13503 3879 3881 7038 13504 13505 7039 13506 13507 4267 7040 13508 13510 13511 2147481731 5153 13512 13513 13514 2147479683 13516 13517 13518 13519 13520 13521 7042 13522 13523 7043 13526 13527 13528 7044 
748:6 11584 6245 11583 11582 6244 6243 
749:6 14753 7594 7595 7596 14754 2147478892 7597 
750:6 15646 8062 15645 15644 15643 
751:6 12316 12315 12314 12313 4107 6555 12312 3152 6554 12311 12310 12309 6553 6552 12308 
752:6 11788 6327 
753:6 11593 11592 11591 6250 11589 2355 
754:6 7375 7376 14317 7377 14318 14319 1788 7379 14320 14321 7380 
755:6 8051 15630 8050 15629 15627 3434 15626 15625 
756:6 12268 12267 12266 12265 6537 12264 12263 12262 12261 12260 12259 12258 3150 6536 12257 12256 12255 12254 12253 
757:6 11895 
758:6 12493 12494 12495 12496 12497 12498 6608 12499 12500 12501 12502 3082 6609 
759:6 6412 11993 11992 6411 6410 
760:6 11859 11858 6361 11857 6360 11856 6359 
761:6 11772 
762:6 11682 11681 11680 11679 11690 6291 11691 6292 11692 11693 11694 11695 6293 6294 11697 11698 11699 2147481077 11700 4028 6295 11701 11702 6296 
763:6 11815 11814 11813 11812 11811 3104 6339 11809 
764:6 6342 6341 11819 11818 
765:6 16136 16135 8267 8266 16134 16132 8265 16131 16130 
766:6 12017 12016 12015 12014 12013 12012 12011 12009 
767:6 11855 
768:6 6290 11684 11685 11686 11687 11678 6288 11677 6287 11676 
769:6 4355 14119 14120 14121 14122 14123 14124 14125 14126 14127 14128 2542 7298 7299 14129 7300 14130 14131 14132 14133 14134 1939 14135 14136 2366 14137 14138 14139 7301 7302 14141 
770:6 8098 
771:6 6415 12007 12006 
772:6 11842 4048 11841 11840 2147482756 4047 6350 11838 11837 6349 11836 6758 11835 11834 11833 
773:6 12005 12004 6414 
774:6 15797 15796 8134 15795 15794 15793 15792 3442 15791 15790 15789 8133 
775:6 16014 16013 3458 8213 8212 
776:6 6873 2147480197 2147477800 3229 
777:6 16149 8272 16148 16147 16146 16145 16144 16142 8271 8270 8269 16141 16140 4680 16139 8268 16138 16137 
778:6 11719 11718 11717 11716 11715 11714 
779:6 15915 15914 15913 15911 4654 15910 4653 8179 15909 15908 
780:6 16057 16056 16055 8227 16054 8226 
781:6 8505 8504 8503 3523 8501 8502 8500 4785 8499 8498 8497 8496 8495 8494 3522 4784 2147483594 4783 4782 8493 4781 4780 2147480423 15807 2849 8492 4779 8491 4778 3520 8485 2147480621 2147480808 2147478199 4775 8484 4774 4773 2735 8483 8482 4771 7608 8481 8480 8479 8474 8475 4770 8476 8477 8478 3517 2733 8471 8472 11711 8473 8466 8467 4767 8468 4768 8469 4769 8470 4766 8465 8464 8463 4765 8462 8461 
782:6 12164 12163 12162 
783:6 2147481813 
784:6 12157 12158 2397 12159 2398 12160 4089 6501 12161 
785:6 4078 6468 12094 12093 12092 12091 3137 6466 6465 4076 6464 4075 3136 12089 
786:6 11673 11672 6283 11671 6282 11670 4027 3090 4025 6279 6278 6277 11669 11668 11667 11666 11665 11664 6276 6275 6274 11663 11662 11661 2365 11659 11658 11657 11656 11655 6273 11654 11653 11652 11651 
787:6 8325 4696 16243 8326 16244 16245 4697 4698 16246 8327 16248 16249 16250 4699 8328 16251 8329 2147482671 16252 16254 16253 8330 16255 4700 7517 8331 16256 16257 16258 2147478044 8332 16259 16260 16261 16262 16263 3206 16264 8333 8334 8335 16266 8336 15808 4702 4703 16267 16268 16269 16270 8337 16271 16272 8338 16273 8339 16275 8340 16276 16277 8341 8342 16278 16279 16281 16280 4705 4706 8343 2147479101 16283 16284 16285 16286 5250 8891 3469 16287 1872 8344 4363 4707 16288 16289 16290 
788:6 14679 14678 7547 14677 4426 14676 14429 14048 14674 14673 6887 2147482200 
789:6 12459 6591 12458 12457 6590 12456 12455 12454 12453 6589 12452 12451 12450 12449 12448 12447 12446 12445 12444 12443 12442 12441 6428 
790:6 4612 14510 7698 2058 
791:6 11776 6323 
792:6 8353 
793:6 13620 4023 
794:6 16307 16306 16305 16304 8354 16303 16302 
795:6 11950 11949 11948 11947 11946 11945 2147478065 2147480979 11944 2147480695 11943 11942 11941 6396 11940 
796:6 15345 15344 3397 15343 15342 15341 7858 15340 
797:6 12410 12409 6578 12408 12407 12406 12405 12404 4113 4112 12403 12402 12401 12400 12399 6577 6576 12398 12397 12396 
798:6 6600 12473 6601 12474 4123 12475 6602 4124 4125 12476 3157 12477 8624 12478 6603 2147483481 12479 
799:6 15392 13950 7215 7214 7213 13949 7212 7211 
800:6 6375 4552 4854 8636 4853 4852 4851 4850 4849 3557 8634 2759 8633 8632 8631 8630 3556 8629 
801:6 7203 4318 7202 7201 7200 13937 13936 13935 13934 13933 13932 13931 13929 13928 13927 13926 1917 13925 13924 
802:6 14788 2597 
803:6 10704 2258 10705 2259 10706 10707 5823 10708 10711 4855 3865 5824 5825 5826 5827 5828 10712 10713 2260 10714 10715 10716 5829 10717 10718 2973 10719 10720 10721 3867 10722 5830 10723 10724 10725 5832 10726 5833 10727 10728 5834 3868 10729 10730 10731 3869 
804:6 7195 4314 13908 13907 13906 13905 13904 13900 13898 7194 13897 7193 13896 13895 
805:6 7613 
806:6 15593 7615 14802 14803 7616 
807:6 14853 7642 14852 
808:6 14860 
809:6 8664 8662 4870 4869 4868 4867 8661 4866 2766 8660 4864 4863 4862 8658 4861 8657 3559 8656 8655 8654 4860 8653 4858 8652 8651 2147483390 8650 8649 3558 
810:6 4295 7160 13801 13800 
811:6 4462 14874 
812:6 12318 12319 6556 12320 4108 12321 12322 12323 12324 6557 12325 12326 12327 6558 12328 6559 12329 6560 6561 6562 12330 12331 12332 6563 2750 6564 12333 12334 
813:6 14879 2147480646 14878 7654 14876 7652 
814:6 16168 8280 8281 8282 16169 16170 16171 8284 16172 8285 8286 16174 3216 16175 2147480333 8287 16176 16177 16178 16179 8288 16180 16181 16182 4690 2147477886 16183 8289 16184 8290 4692 16185 16186 16187 16188 16189 8291 8292 16190 16191 16192 8293 8294 16193 16194 16195 16196 16198 8295 8296 8301 8300 16203 16202 16201 8299 16200 16199 8297 8304 2670 16206 16205 8303 4859 16204 8302 4693 16211 16210 16209 16208 8305 16207 16212 16214 3996 2688 8310 4695 8309 16222 16220 8308 16219 8307 16218 8306 16217 16216 16215 8351 8311 16225 16226 16227 16228 8312 16229 8313 2689 2147480001 16230 16231 8314 8315 16232 8316 16233 16234 16235 16236 8317 8318 2690 9623 16238 8319 7609 16239 16240 8320 8321 16241 8322 8323 2147483139 8324 16242 
815:6 15140 15141 15142 15143 15144 15145 7776 1897 15146 15147 4519 15149 7777 15150 15151 15152 15153 15154 15155 7778 
816:6 13738 7139 
817:6 13719 13718 13716 7129 13715 13714 13713 13709 13710 13711 13712 7125 13707 7126 13708 7127 7128 13724 13725 4283 3253 13727 7131 13728 13729 7132 7133 13730 13731 
818:6 7660 14897 14896 14894 14893 
819:6 5124 5125 5126 9170 2816 5127 3620 9171 2147479135 2138 5128 9172 9173 9174 9175 5129 9176 9177 3621 9178 9179 9180 14326 9182 9183 2817 5130 5131 2653 5132 5133 5134 9184 9185 5135 9186 9189 5136 3604 9190 5137 5138 9191 5139 9192 9193 9194 5141 9195 5143 2147481148 9196 9197 9198 9199 5144 15098 2147481969 9203 9204 3624 9205 9206 1562 9207 9208 9209 9210 3625 5145 9211 2147483015 9212 9213 5146 5147 9214 9215 9216 9217 5148 5149 9218 9219 1130 5150 5151 9222 9223 9224 9225 9226 9227 5152 9229 9231 9230 9232 9233 5155 9234 5156 5157 9235 9236 9237 5158 9239 9240 5159 5160 5161 9241 5162 9242 9243 5163 9244 9245 1564 5165 5166 3630 5167 9246 9247 5168 9248 5169 5170 9249 5172 9250 2142 9251 2820 9253 9254 9255 3632 9256 9257 9258 5173 5174 9259 9381 9260 5175 9261 9262 9263 3633 9264 9265 3634 3635 9266 9267 9268 9269 
820:6 14237 14238 14239 7339 4277 
821:6 14918 
822:6 7096 13651 4276 7095 13650 13649 7094 13648 13647 
823:6 4527 15271 7824 15272 15273 15274 15275 2147479216 15276 15277 15278 2765 15279 15280 7825 15281 15282 15283 15284 15285 
824:6 7697 
825:6 13470 13469 7030 13468 13467 4264 13466 13465 1890 13464 7029 13463 
826:6 5774 10634 5775 5776 10636 10637 3856 3857 5777 10638 5778 10639 10640 10641 10642 10643 2967 5779 5780 10646 5781 10647 10648 5782 4872 5783 10649 10650 5784 3858 10651 5785 5786 2968 5787 5788 10652 10653 5789 10654 5790 10655 10656 10657 5791 10658 5792 5793 10659 10660 5794 10661 10662 5795 10663 10664 5796 10665 2969 10666 10667 10668 10669 10670 5797 5798 10671 10672 5800 5802 10673 5803 2940 10674 10675 10676 5804 5805 3859 10677 10678 10679 4871 
827:6 14979 
828:6 7152 3258 1905 13782 7151 13781 13780 13779 13778 
829:6 14982 
830:6 13131 3554 
831:6 7582 14734 4437 7581 7580 14733 4436 14731 14730 14729 14728 14727 7579 14725 14723 4435 
832:6 14520 14519 14518 
833:6 7446 7445 14473 14472 14782 14471 
834:6 14461 
835:6 14460 14459 7441 14458 14457 14456 
836:6 5313 9559 9560 9561 3824 9562 9563 9564 3549 9565 7598 3689 
837:6 14531 14530 
838:6 7435 14450 14449 7434 14447 4398 4397 7433 7432 14446 14445 
839:6 14368 14367 14366 14365 4388 14364 14363 14362 14361 14360 
840:6 7486 14540 14539 14538 3327 14537 7484 14536 7483 7482 4411 14534 14533 14532 
841:6 11220 3949 11221 11222 11223 6073 11224 11225 11226 11227 11228 11229 11230 11231 11232 6074 11233 3031 11234 6076 2147481473 11235 11236 6078 6079 11237 11238 11239 11240 11241 6080 11243 6081 6082 11244 2304 2072 11245 11246 6083 11247 11248 11249 11250 11251 11252 
842:6 14332 14331 14330 
843:6 14606 
844:6 4418 
845:6 14255 7342 14254 14252 3310 14251 14250 14248 14247 
846:6 4839 8599 3548 4838 8598 8597 3545 8596 4837 4836 4835 4834 8595 3544 4833 8594 
847:6 7337 7336 14235 14234 7335 14233 14232 14231 14230 4375 7334 14229 14228 14227 14226 7333 14225 
848:6 14221 14220 14219 14218 14217 14216 14215 14214 14213 14212 7332 
849:6 4373 14205 
850:6 14202 14201 14200 14199 7329 14198 7328 14197 14196 14195 
851:6 15847 15848 8157 15849 15850 8159 2147477868 8160 15851 15852 15853 15854 15855 8161 
852:6 14152 4360 14151 14150 2544 14149 14148 7306 4359 
853:6 7295 7294 14112 7293 7292 14111 7291 14110 14109 14108 7290 14107 7289 14106 7288 14105 14104 14103 14101 
854:6 14643 14642 7530 7529 
855:6 2147483434 8615 2079 2080 8616 3553 908 8617 4846 8618 8619 3801 4847 8620 8621 8622 
856:6 14079 3290 14078 7280 
857:6 15930 15931 15932 15933 15934 15936 8183 1511 8184 2676 
858:6 7262 7261 4338 7260 14032 7258 4337 7257 7256 14031 
859:6 14009 
860:6 8078 3437 8079 2147480604 4622 8080 15687 4332 15688 15689 8081 15690 15691 15692 8082 15693 
861:6 14713 14712 
862:6 14224 
863:6 8678 4879 8677 8676 4878 8675 4877 4876 8674 8673 8672 4875 8671 8670 4874 8669 8668 8667 8666 8665 4873 3560 
864:6 15012 15011 2611 15010 15009 7702 
865:6 2460 13397 2147479837 13396 
866:6 4197 
867:6 13170 6896 13171 6897 13172 2147480070 6898 13173 6899 13174 3567 8766 3207 6766 13175 13176 13177 6900 13178 
868:6 7868 15354 15353 
869:6 15391 15390 7882 15389 15388 15387 15384 15385 7880 7881 15386 7878 15383 15382 7876 15381 7875 
870:6 4550 7931 15474 15473 15472 7930 15471 15470 15469 7928 15468 7927 15467 15466 7926 15465 15464 15463 15462 15461 7925 15460 7924 15459 7923 15458 15457 
871:6 7935 7934 15482 15481 15480 15479 15478 4551 15477 7932 15476 
872:6 15496 
873:6 6814 12937 12936 2147480359 12935 12934 12933 12932 6812 12930 12929 13740 2147482803 12928 
874:6 12922 
875:6 4937 4936 8786 8785 8784 7378 8783 
876:6 4644 4645 15868 15869 15870 8170 15871 15872 4646 15873 15874 15875 15876 15877 15878 8171 15879 15880 15881 15882 2147479157 15884 15885 8172 15891 4357 6770 15890 15889 15888 15887 15886 8173 15892 15893 15894 15895 8283 8174 2147479148 15896 4648 8175 15897 2147477838 5818 3569 3447 8176 15898 15899 5098 
877:6 15498 
878:6 4952 8814 4951 3570 8813 4950 4949 8812 8811 8810 2147483337 8808 4947 8807 8806 4946 4945 8805 4944 8804 8803 4943 4942 4941 8802 8801 4940 4939 8800 8798 8797 8796 
879:6 7389 14339 14340 14341 14342 14343 14344 14345 14346 14347 14348 7390 14349 12896 4343 14350 14351 
880:6 4935 4934 4933 8782 8781 8780 4931 4930 4929 8779 4928 8778 4927 8777 4926 8776 4925 8775 4924 4923 8774 8773 8772 4922 3568 4921 8771 8770 4920 8769 8768 4919 8767 8765 8764 8763 8762 8761 8760 8759 8758 8757 8756 4918 4917 8755 8754 8753 8751 8750 8749 8748 8747 8746 4915 4914 8745 3566 4913 8744 8741 4912 8742 8743 8739 8738 8737 8736 4911 4910 8734 8733 4909 8732 4908 8731 8730 4907 8729 4906 8728 8727 8725 8724 8723 8722 8721 8720 
881:6 16058 8228 12839 
882:6 4250 13345 3175 
883:6 7519 14610 14611 14612 2147483326 14613 14614 14615 14616 12811 14617 
884:6 12942 6769 12796 12795 12794 
885:6 7955 
886:6 12786 12783 12782 12781 
887:6 14274 14275 7349 14276 14277 14278 2566 14279 7350 7351 3315 14280 14281 7352 14282 3316 2147479826 14284 4380 7353 
888:6 4971 8855 4970 8854 8853 8852 4969 8851 8850 4968 8849 8848 4967 4966 8847 2780 4965 8846 4964 6128 8842 8841 4962 1523 8840 8839 8838 8837 4960 4959 8836 8835 8834 8833 8831 2147481023 4958 8830 8829 4957 8828 8827 8826 8825 4956 4955 4183 4954 8824 8823 8822 8820 4953 3573 8819 8818 8817 8816 
889:6 4604 
890:6 6940 4229 6939 6937 4133 
891:6 12560 6639 12559 12558 6638 12557 6637 6636 6635 12556 6634 12554 6633 4132 
892:6 11348 4972 
893:6 14060 14061 14062 14063 14064 14065 7275 14066 14068 7277 14071 14072 3288 14074 7278 2147480037 
894:6 2413 2147481983 4127 12514 12513 12512 6613 6612 4126 6611 12511 12510 12509 
895:6 12429 12428 12427 12426 12425 2147478281 12424 6582 12423 4117 12422 12421 4116 6581 12420 6580 12419 12418 12417 12416 6579 
896:6 12830 
897:6 5969 11013 11012 2772 
898:6 4208 13318 2147479339 13013 13012 6837 13011 13010 13009 13008 6836 6835 
899:6 5393 9778 9779 5394 9780 9781 3727 8710 9782 6223 9783 9784 9785 9786 5396 
900:6 15039 15038 15037 15036 15035 15034 7714 15033 15032 15031 15030 
901:6 7780 7781 15157 15158 15159 7782 2633 15160 2147482652 7783 15161 15163 15164 15165 15166 7784 15167 7785 3385 7786 15168 15169 15170 
902:6 15300 15301 7834 15302 6997 8125 14820 15303 7835 1061 7836 2493 15304 15305 7837 15306 7838 15307 4530 15308 15309 7839 
903:6 14843 7636 14844 14845 14846 7637 14847 6991 7638 2147480487 14848 14849 14850 
904:6 3791 10087 5527 1667 3533 15883 2919 10088 
905:6 14582 14583 14584 14585 14586 7510 14587 14588 14589 8564 14591 3331 14592 14593 14594 7511 14595 14596 7512 7513 2147482832 14597 14598 14599 2764 14602 7514 
906:6 13343 
907:6 7948 15508 4505 
908:6 13323 13322 13321 6973 
909:6 4579 4578 2655 7989 4577 4509 7988 7987 7986 7755 7756 2001 
910:6 13437 13314 2147482964 13438 4259 
911:6 13972 3275 7226 7227 13973 13974 13975 13976 13977 7228 7229 6969 
912:6 2147480530 
913:6 13247 13246 13245 
914:6 14636 2147480728 13244 
915:6 4389 14371 7401 14372 7402 7403 14373 14374 14375 7404 14376 14377 7405 7406 7407 14379 14380 14382 7408 7409 6941 4390 7410 7411 7412 7413 14384 14386 14535 7414 4391 14387 14388 14389 14390 14391 14392 14393 14394 
916:6 4513 
917:6 6571 12376 4110 12377 12378 12379 12380 12381 12382 12384 12383 6573 4892 6574 12385 6216 12386 12387 12388 12389 12390 12391 
918:6 13070 
919:6 6856 
920:6 6862 
921:6 14517 14516 14515 7468 7467 7466 14514 14513 14512 14511 4407 14509 14508 7465 
922:6 15323 7849 15322 15321 7848 3394 15320 15319 7847 15318 
923:6 12366 12363 12362 3154 12361 12360 3153 12359 12358 12357 6570 4109 12356 6569 12355 6568 12354 12353 12351 12350 12349 
924:6 4219 13161 2147483625 13162 13163 13164 13165 4184 13166 6895 2147480079 13167 13168 13169 
925:6 4524 15210 
926:6 13754 13159 
927:6 16314 4711 16313 8357 8356 16312 3470 16311 16310 8355 16309 1874 
928:6 2147479650 4821 8583 8582 8581 8580 2147483413 8579 4820 8578 4819 8577 8576 8575 8574 8573 8572 4818 3535 8571 3534 2068 8570 2067 8569 8567 2147481058 4817 8566 8565 8563 3532 4816 4815 8562 8561 4814 4813 4812 2742 4811 8559 8558 4810 4809 8557 1503 8556 8555 8554 3531 8553 3530 4807 4806 2147483507 8552 8551 6208 4804 
929:6 7771 15134 15133 15132 15131 15130 
930:6 13238 13237 
931:6 4882 8682 1515 4883 2147483375 8684 8685 1516 8686 4884 8687 8688 4885 4887 4888 8689 4889 8690 4890 4891 3562 4893 8691 8692 8693 4894 8694 4895 4896 14656 8695 8696 4897 8697 8698 8699 8700 3564 8701 4898 8702 8703 4899 4900 8704 7664 8705 8706 8707 8708 8709 8711 4901 8712 8713 4902 8714 8715 3565 8716 4903 8717 8718 2773 4904 8719 4905 
932:6 2147483107 14479 14478 4404 14477 14476 14475 14474 
933:6 7556 9680 7557 7558 14692 4431 14693 14696 7564 14695 7563 4432 3692 2147481612 2147478903 7562 7561 7560 14697 14698 7565 7566 7567 14700 7571 14707 3353 14708 7399 7572 7573 7575 14709 14710 7576 2818 
934:6 10193 5572 10192 10191 10190 10189 
935:6 5595 
936:6 10266 5603 5602 
937:6 13532 7049 13533 13534 13535 13536 7050 13537 13538 13539 7051 7052 13540 13541 13542 7053 7054 13544 7055 13545 7056 13546 2469 13547 13548 3242 13551 13552 13553 13554 13555 13556 13557 7057 13558 7058 13559 7059 7060 13560 13562 13563 13564 7451 7061 13565 13566 2147479659 13567 13568 13569 7063 13570 4269 7064 7065 2423 7066 13572 7067 13575 13576 13577 13578 13579 13580 13581 
938:6 5623 
939:6 5625 10319 
940:6 10337 10336 2945 2944 5632 10335 5631 10334 5630 10333 5629 10332 10331 10330 5628 10329 10328 10327 10326 10325 10324 
941:6 8991 8990 8989 2797 8988 5035 8987 8986 8985 8984 8983 8982 8980 8981 5034 1536 8978 
942:6 10358 10357 5644 10356 10355 5643 10354 5642 3827 5641 5640 10353 10352 10351 5639 10350 10349 3826 
943:6 14159 3830 14160 4026 7308 7309 2546 14161 7310 14162 14163 
944:6 10552 10551 10550 10549 10548 5734 10547 10546 5733 10545 10544 10543 
945:6 10586 3848 10587 5747 10588 10589 2147482180 10590 10591 10592 5748 10593 5749 5750 5751 3850 10594 10595 10596 5752 5753 5754 5755 10598 5756 10599 5757 5758 5759 5760 3851 10600 10601 10602 5761 3852 10603 10604 10605 10606 10607 10608 5762 10609 3853 10610 10611 5763 10612 3854 10613 10614 10615 10616 10617 10618 10619 2147481881 5764 8968 10620 3855 5765 2147479761 10621 10622 5767 10623 5769 5770 5771 5772 10624 10625 5773 10626 10627 10628 10629 10630 
946:6 13341 2961 13342 6980 
947:6 6594 6595 12467 12468 6596 12469 12470 6597 6598 12471 12472 3849 6599 
948:6 4672 4673 3461 4674 8239 4358 16083 8241 16085 16086 3863 8242 16088 8243 16089 8244 8245 16090 
949:6 2951 2950 5659 10391 5658 2949 10390 10389 10388 10387 2147481998 5656 10386 5655 10385 10384 5654 3829 3828 5653 10383 5652 10381 10380 5651 10379 10378 5650 10376 10375 10374 10373 5649 5648 2948 10372 10371 5647 5646 10370 5645 10369 10368 10367 10366 10365 10364 10363 10362 10361 
950:6 5661 5662 10393 10394 10395 10396 2147479051 10397 5663 5664 9135 10398 5665 5666 5667 10399 2147483179 10400 5668 10401 5669 10402 10403 5670 10404 10405 3597 10406 2245 10407 10408 10409 10410 10411 10412 10413 5671 10414 5672 10415 10416 10417 5673 10419 5674 10420 10421 10422 10423 10424 10425 5675 10426 10427 5676 5677 10428 10429 5678 10430 10431 10432 10433 5679 5680 5681 5682 10436 2147483188 3831 10437 10438 10439 5683 10440 10441 10442 5684 5685 10444 10445 3832 10446 5686 5687 10448 10449 10450 10451 5689 10452 5690 2246 10453 5691 5692 5693 10454 10455 10456 3833 10457 10458 14441 10459 3834 10460 5694 5695 10461 5696 10462 10463 10464 5698 10465 5699 10466 5700 3836 10467 10468 5701 5702 8003 5703 10469 5704 3799 10470 5705 10471 10472 5706 10473 2247 10474 10475 3837 10476 3838 10477 10478 2953 10479 10480 5707 5708 10481 5709 10482 5710 10483 10484 5711 10485 10486 10487 10488 10489 10490 10491 5713 10492 10493 10494 10495 10496 10497 10498 10499 10500 5714 10501 10502 5715 10503 5716 10504 10505 5717 10506 5718 10507 10508 5719 5720 10509 10510 5721 10511 10513 3840 5722 10514 10515 5723 10517 10518 10519 10520 10521 3841 5724 3842 10522 2954 10523 5725 10524 5726 3843 10525 5727 10526 10527 6429 
951:6 13222 13223 13224 6925 6926 6927 6928 6929 6930 6931 6932 6933 13225 13226 13227 2147482981 13228 13233 
952:6 8992 
953:6 7688 14954 14955 14956 14957 7689 14962 14961 14958 14969 10104 
954:6 10558 5737 2959 2960 2432 10559 10560 5738 10561 10562 3844 5739 5740 10563 10564 2962 10565 10566 10567 10568 10569 5742 10570 3845 10571 5743 10572 5744 10573 10574 10575 10576 5745 10577 1229 10578 10579 10580 5746 10581 10582 10583 3846 10584 10585 3847 
955:6 10144 5547 10122 5555 10149 10150 10151 10152 5557 10154 10155 5558 
956:6 4033 11748 3793 15571 
957:6 14253 6121 3797 
958:6 10171 10170 
959:6 5038 9002 3598 5037 9000 8999 
960:6 5569 10180 10179 10178 10177 
961:6 2147482018 8995 5036 8996 2147477819 
962:6 8903 2095 8902 8901 5000 8900 8898 
963:6 10197 10196 5574 2147477979 10195 5573 
964:6 2147479430 10203 10201 5576 10202 2147482297 10199 
965:6 10209 10208 10206 10205 5577 
966:6 15778 15779 15780 7276 2147482491 8126 4633 15782 8127 8128 15783 3287 15784 1674 15785 4634 8129 
967:6 2935 
968:6 12849 12850 12851 4686 7855 12855 12852 12853 12854 12856 6791 12857 12858 6792 12859 6793 12860 3177 12861 6794 12862 12864 2147480412 6795 12865 12866 6796 12867 12868 12869 12870 12871 2147478719 12891 12872 6797 5831 12873 12874 6798 6799 12875 6800 12876 6801 12877 6802 12878 4175 12879 12880 12881 12882 12884 12885 12886 
969:6 6405 10739 10740 5835 10741 10742 10743 5836 10744 10745 10746 10747 10748 10749 5837 10750 10751 
970:6 10765 
971:6 5847 10783 10781 10780 10779 10778 10777 10776 10775 5846 5845 10774 10773 5844 10772 10771 10770 10769 5843 
972:6 3123 12769 12770 6763 11029 12771 12772 12773 12774 6764 12776 12777 
973:6 9972 2147480632 3584 2147482440 2147483087 14015 2147482091 5490 9974 9975 9976 2147482383 9978 9979 9981 9982 5491 
974:6 5993 3015 5992 4061 11063 5991 11062 3924 
975:6 11345 13248 13249 13250 13251 13252 13253 4233 13255 6942 3925 13258 13257 2147482076 13256 
976:6 6474 12099 6475 4083 3141 6476 3058 2147478182 6477 12101 12102 12103 12104 3057 6478 12105 12106 12107 12108 12109 6480 12110 12111 12112 12113 6482 12114 
977:6 15446 15447 2147480460 7919 15448 7920 15449 15450 15451 7921 3937 15452 15453 15454 15455 
978:6 6021 
979:6 11129 11128 3939 3938 11127 11126 11125 11124 6023 3023 
980:6 11148 11147 11146 11145 6032 6031 3943 3024 11144 6030 2296 6029 11143 11142 11141 6028 11140 6027 3942 11139 11138 11137 3941 6026 11136 6025 
981:6 15665 2106 
982:6 6325 15581 8014 11782 3945 
983:6 6054 11194 11193 11192 1273 6053 11191 3027 6052 11190 11189 11188 11187 11186 11185 11184 11183 11182 6051 11180 11179 11178 6050 6049 11177 8264 11176 11174 6047 6046 11173 11170 11169 11168 6044 6043 11167 11166 6042 11165 2147483443 2298 11164 6040 11163 
984:6 12949 4190 12948 12947 4189 12946 12945 12944 12943 7267 12941 4188 6045 
985:6 13967 14017 13968 6048 7640 13969 7224 3274 13970 13971 
986:6 6072 11218 2302 6071 11217 11216 6070 11215 6069 11214 6068 3030 6067 6066 11212 11211 11210 6065 6064 6063 6062 11209 11208 11207 2301 11206 11205 11204 6061 3948 11203 11202 11201 3947 6060 11200 11199 11198 
987:6 11954 4064 11955 2147483498 11956 3011 2384 
988:6 9017 2147481360 14913 9015 3600 5043 5042 9013 9012 9011 5041 9010 
989:6 14837 12251 14835 13806 14833 7630 5978 
990:6 5933 5932 10953 3001 5931 10951 10950 10949 10948 5930 10947 
991:6 10811 3877 2271 10810 10809 10808 10807 5855 5854 3876 10806 10804 2147481836 10803 10802 10801 10800 10799 10798 5853 10797 10796 10795 10794 10793 5852 2269 5851 10792 10791 10790 
992:6 10824 10823 5868 5867 5866 10822 5865 10821 3882 5864 5863 10820 5862 10819 10818 10817 5860 3880 10816 2147479709 2147481464 5858 10815 3878 5856 10814 10813 10812 
993:6 5873 
994:6 5878 5877 10850 10849 10848 10847 3886 10846 1697 10845 5876 10844 10843 10842 10841 5875 
995:6 2147481688 10874 10873 10872 10871 5888 10870 10869 10868 5887 
996:6 8138 15801 15802 15803 15804 8139 15805 15806 8141 15809 8142 15810 8143 15811 8144 1463 15812 10877 15813 15814 15815 15816 8145 8146 
997:6 12799 12802 6773 7240 2147482220 2147478657 13596 12803 8956 6774 12804 6775 10097 12805 6776 6777 6778 3764 12806 12807 6779 4169 1856 12808 2224 2147481864 2147478362 2147482209 2147480550 12809 1988 12810 12812 12813 6781 12814 6782 12815 12816 12817 12818 6783 6784 12821 12820 12819 12822 2283 12823 1858 6785 6786 12825 
998:6 10888 
999:6 10896 
1000:6 2147481703 10903 10902 10901 2147483078 10900 10899 10898 10897 2989 
1001:6 5019 5018 5017 8949 
1002:6 11871 11872 11873 6366 5908 11875 6367 11878 3048 11876 6038 6368 11879 11880 3951 11883 11884 3114 11885 3049 6369 
1003:6 10921 10922 5909 
1004:6 10945 2999 10944 2147482549 5928 5927 10943 5926 10942 5925 10941 5924 10940 2997 5923 10937 10936 5918 10935 5917 1260 10934 5916 2288 5915 5914 10933 
1005:6 7938 15486 7939 5919 5920 5921 
1006:6 2147477877 13370 11962 3124 2147483470 11965 11966 11967 11968 11969 11970 11971 6400 11972 6401 3008 11973 11974 4066 6402 6403 6404 
1007:6 13699 7119 7120 7121 13700 13701 10131 7122 13702 13703 5531 13705 7123 13706 7124 7130 
1008:6 3773 3772 10084 
1009:6 13656 2147479617 6020 13657 13658 7099 13659 13660 13661 13662 13663 13664 13665 3894 
1010:6 3802 5580 10216 10217 10218 10219 10220 10221 5581 5582 5583 10222 10223 5584 7426 10224 5585 10225 3805 2933 10227 10228 2147482136 3806 10230 10231 10232 10233 
1011:6 10042 10040 10041 5509 10043 2147482735 2147480010 10052 10050 10049 10048 10047 5511 10046 5513 2147482331 3765 2147482342 10053 5512 11877 2147482322 10054 9801 2147480678 5517 
1012:6 7415 14395 7416 7417 14396 7418 14397 14399 14398 14400 14401 14402 14403 14404 14405 4162 14406 14407 7419 14408 14409 14410 14411 7420 4393 14412 14413 2147482849 7421 7422 14414 14415 14416 7423 14417 7424 14418 14419 14420 14421 4394 4395 2162 14422 14423 14424 14425 2147479302 2147479183 2147481949 14430 2147479026 14428 14427 14426 14431 7428 14432 14433 7429 14434 10276 7606 14435 14436 14437 
1013:6 9492 9491 9490 3675 9489 5272 9488 2840 9487 5271 9486 
1014:6 15608 15609 15610 8041 8042 2147479068 2147478540 5996 2147477743 15612 15613 8043 12247 2147480865 8044 15616 15617 13062 4610 8045 8046 
1015:6 10085 2147480844 
1016:6 14748 14749 2147480821 14751 14752 7593 
1017:6 12740 12741 12742 6751 2147480541 12743 12744 2147480789 12745 12746 12747 12748 12749 12750 12751 6752 6753 12752 12753 12754 4158 12755 12756 
1018:6 9521 9520 5287 9519 5286 9517 9516 9514 9513 5285 5284 9512 9511 9510 9508 9507 5283 9506 9505 5282 3677 9503 
1019:6 3906 10954 10955 10956 10957 10958 10959 10960 5938 5939 10961 10962 10963 10964 5940 5941 10965 5942 10966 5943 10967 5944 10969 10970 10971 5945 3003 3907 3909 5948 5949 10974 10975 9509 5951 5952 10976 5953 3911 10977 10978 10980 3004 10981 5955 10982 10983 10984 10985 10986 10987 10988 10989 5957 5959 5960 10992 10991 10993 5961 10994 5962 10995 10996 10997 10998 10999 2147483029 2147477716 5963 11000 3782 11002 11003 11004 5964 11005 11006 5965 11007 5966 11008 11010 
1020:6 9528 9527 9526 5294 9525 5293 9524 5291 5295 2847 9531 5296 9532 2848 9533 
1021:6 11253 3033 11254 11255 3952 6086 6087 6088 2147482033 6089 6090 11257 11258 11259 11260 11261 3685 11262 
1022:6 9558 5312 5311 5310 9557 9556 2852 9555 9554 2851 
1023:6 9583 9582 9581 9580 9579 9578 9577 5320 3690 9576 9575 5319 9574 5318 9573 9572 9571 
1024:6 9613 5330 
1025:6 12065 5412 14784 9453 12066 12067 12068 6449 13191 2147482574 6450 12071 4073 12072 1336 12073 6974 6451 12075 6452 12076 12077 3135 12078 2147481227 6453 12079 12080 6454 6455 12081 12082 12083 6457 12084 6458 12085 6460 12086 6461 6462 2419 6463 12087 
1026:6 9619 9618 5332 
1027:6 4172 1859 12835 6787 12836 12837 3176 12838 6788 2147478307 12840 12841 12842 12843 6789 12844 12845 12847 6790 12848 
1028:6 4308 3266 13860 13859 13858 13857 7182 7183 13862 13863 13865 7185 2147480930 13866 
1029:6 6522 12209 4101 11696 12210 12211 4102 4103 12212 12213 12214 12215 6523 6524 2147481157 12216 6525 12217 12218 12219 12220 12221 12222 12223 6526 12224 12225 12226 12227 6527 12228 12229 6528 12230 12231 6529 6530 6531 12232 12233 12234 12235 
1030:6 1850 6683 12652 6684 6685 6686 6687 6251 6688 12654 2421 6689 6713 12655 6690 12656 12657 6691 12658 12659 12660 6692 12661 6693 4144 6694 4145 12662 3043 6695 3166 12663 2147480574 12664 6696 4146 12665 2422 12666 6697 12668 12669 2819 12670 4147 6698 2424 6699 4096 12671 4148 12672 6700 2147481890 6701 12674 2147482881 12675 12676 6702 12677 6703 6704 12678 6705 12679 12680 12681 12682 6706 12683 6707 4149 12684 6708 6709 2147480263 12687 12688 12689 6710 6711 4150 6712 6714 4151 12690 6715 12691 6716 6717 12692 12693 6718 6719 2368 12694 12695 12696 12697 4153 12698 6720 12699 6721 6722 12700 12701 6723 6724 4154 12702 12703 
1031:6 3646 9316 9315 9314 9312 6742 5194 5193 9311 5192 9310 9309 5191 9308 9307 9306 5190 9305 9304 5189 5188 9303 9302 9301 9300 9299 5187 9298 2147483366 2147482442 9296 9295 9294 5186 3645 9293 5185 9291 9290 5184 9289 9288 3644 9287 3643 9286 5183 5182 9285 5181 1567 3642 9284 9283 9282 9281 9280 9279 8068 9278 9277 9276 9275 9274 9273 5180 5179 5178 9272 3639 9271 2145 5176 2823 9270 
1032:6 9162 9161 9160 9159 9158 5119 9157 9156 5118 5117 9155 9154 9153 
1033:6 2147478674 11014 11015 3915 11016 2147481610 11020 11019 9318 11018 11017 5971 5972 5973 11021 3916 11022 3009 3918 10782 
1034:6 5233 5234 9398 5235 9400 5236 9401 9402 9403 3659 5237 2825 9404 9405 6338 2150 5238 9406 
1035:6 11864 6363 14978 13852 5542 5212 2147480346 6364 13136 5533 11865 11866 11867 11868 11869 11870 2147479417 
1036:6 12025 14872 2830 2988 10895 5902 
1037:6 14256 3311 14257 7343 14258 14259 4377 7344 14260 14261 14262 7345 7346 14264 7347 14265 4378 14266 5116 14267 14268 7348 14269 3800 14270 
1038:6 1573 2147482858 9391 
1039:6 16020 8214 16021 16022 8215 8216 16024 4666 8217 16025 2151 8218 16026 16027 8219 8220 16029 16030 
1040:6 1576 9411 5240 9412 5241 9413 5244 9418 9417 5243 5242 9415 9414 9425 5248 9423 9422 5247 9421 9420 3663 5246 5245 9424 
1041:6 8274 1169 8275 16153 8276 4687 16155 16156 16157 8277 16158 16159 16160 8278 16161 16162 16163 16164 4688 8279 
1042:6 5254 5253 5252 9432 9431 9430 5251 9429 9428 
1043:6 6902 13179 13180 13182 13183 6903 4221 13156 2147482641 6904 2147483006 13186 6905 6906 6907 13187 13188 13189 13192 13193 2147482275 6908 13194 6909 6910 13195 13196 13197 1876 6911 6912 13198 6913 13199 6914 13200 6915 13201 6916 6917 4224 13202 13203 4225 13204 6918 6920 13205 13206 6921 13207 13208 6922 2147479977 6923 13209 13210 13211 13212 6924 13213 11181 13214 13215 13216 
1044:6 2147478926 4009 11562 11563 6231 11564 6232 6233 6234 2147480874 6235 11565 6236 11566 4010 11567 11568 
1045:6 6388 6389 11931 6390 11932 11933 11934 11935 11936 6391 6392 6393 6394 11939 1276 
1046:6 13273 6952 13274 6953 13275 4237 13276 13277 6954 13278 6955 13279 13280 6956 13281 4238 4239 13282 6957 13283 13284 13285 6958 13286 13287 13288 13289 13290 6959 6960 13291 13292 13293 2147480432 13294 4240 3219 3611 13295 
1047:6 5492 9985 5493 9984 9983 2147479508 9986 5494 5495 5496 5497 2147482374 9989 9990 9991 5498 9992 9993 9706 10002 2147479988 5346 10003 10004 2220 5501 10005 10006 10007 10008 10009 3762 10010 
1048:6 9872 3746 14921 2147481540 5443 9871 5442 5441 5440 
1049:6 14571 14572 14573 14574 14575 14576 7504 4416 14577 7505 14579 14580 2205 3329 14581 7506 7507 7508 14329 
1050:6 9878 9877 9876 5447 9875 5446 5445 
1051:6 7802 15214 7803 15216 1220 15217 15218 7804 2434 15219 7805 7806 4525 15220 15221 15222 15223 15224 4292 15225 7807 15226 15227 15228 7808 15229 15230 15231 7809 5541 15232 7810 15233 15234 15235 2147478964 7811 15236 15237 4296 15238 7812 15239 15240 15241 7813 
1052:6 2894 
1053:6 12614 12615 12616 12617 12618 12619 4138 12620 12621 2147481960 2802 2147477689 12623 2147479499 6671 12624 9603 12625 12626 12627 12628 6672 6673 6674 12629 12630 12632 2147478403 12633 12634 12635 12637 12638 6675 4140 12639 12640 12641 6676 12642 12643 6677 6678 6679 6680 12644 12645 6681 12646 12647 12648 12649 4143 
1054:6 9917 9916 5460 9915 9914 9913 5459 2900 9912 9911 5458 9910 2899 
1055:6 5473 9938 2929 5472 5471 5470 2908 5469 9937 5468 9936 9935 9934 9933 5467 9932 9931 9930 9929 9928 9927 5466 2906 5465 5464 9926 3756 5463 9925 9924 9923 9922 3766 9921 9920 2903 5462 5461 9919 9918 
1056:6 2910 5484 9955 5483 2147482412 9952 9951 9950 9949 5481 9948 9947 3758 5480 5478 9946 9945 9944 9943 5477 5476 5475 5474 9942 
1057:6 9966 9965 9964 5488 9962 5487 9961 9963 5486 9960 5485 9959 9958 9957 9956 
1058:6 9035 9036 5055 9037 5056 9038 9039 5057 5052 9028 5051 5050 5049 9026 9025 
1059:6 2147483051 13259 2219 6945 13260 13261 13262 13263 13264 13265 13266 13268 6946 13269 6947 6948 3129 6949 6950 13271 
1060:6 10021 5504 5503 10020 10019 5502 10018 10017 10016 10015 10014 10013 
1061:6 6137 11385 3190 3970 2147477970 5047 2147483461 3056 6138 2321 6139 11387 2147481218 11388 11389 11390 6140 11586 3972 11392 
1062:6 10077 10076 2918 10075 10074 10073 2147481940 5522 
1063:6 9869 
1064:6 9638 5344 5343 
1065:6 2204 9865 9864 5437 9862 9861 9860 3745 9859 9858 
1066:6 3736 9846 9845 10434 9844 9843 9842 1213 
1067:6 15620 15621 15622 9681 
1068:6 9702 
1069:6 9727 9726 
1070:6 5976 2147482009 2147477789 2147483301 5977 11025 11026 11027 2147481299 3778 11030 2147482995 2147480757 11037 11038 
1071:6 9737 9736 9735 5381 9734 9733 1627 9732 5380 
1072:6 7355 7356 14288 14289 14290 14291 7357 14292 14293 14294 14295 4381 2567 7358 3317 7359 14296 14297 14298 7360 7361 14299 7362 7363 7364 14300 2568 7365 7366 14301 6815 7367 2147481629 7368 14302 14303 7369 14304 7370 14305 14306 1628 14307 14308 14309 14310 14311 7371 7372 14312 14313 4382 14314 14315 
1073:6 9741 9740 2879 5384 
1074:6 9749 9748 9747 7721 5386 5385 9745 9743 
1075:6 9772 2884 9771 9770 9769 5392 9767 9766 9765 5390 3722 9764 1633 9763 
1076:6 2147482538 9068 5074 9069 10516 9070 9071 9072 5075 
1077:6 7583 3343 7584 4440 7585 7586 14735 14736 2147478437 14737 4441 
1078:6 6386 11930 6385 6992 11929 11928 6384 6383 10435 11927 6382 6381 11926 11924 11925 11923 11922 11921 11919 6380 11917 11915 3118 11912 11910 11909 11908 11907 11906 11905 6378 6377 11904 6376 6374 11902 11903 2147478428 
1079:6 2147480655 10909 10908 10907 10906 5907 5906 10905 10904 2991 10910 10911 10912 10914 2147478388 10918 
1080:6 9832 9831 6868 9830 
1081:6 5064 9046 9045 12971 5063 5062 5061 5060 9044 9043 
1082:6 5427 9850 5426 9849 3739 9848 11285 9847 3737 
1083:6 3962 11298 11297 6103 11296 11295 11294 11293 11292 3961 
1084:6 6163 
1085:6 11384 
1086:6 11545 11544 11543 6919 3079 11542 11541 11540 11539 11538 11537 11536 6222 11535 
1087:6 1460 4627 15701 8087 15702 7248 4671 15703 4628 8088 3281 15714 3581 11403 6344 15713 8094 15712 15711 15710 15709 8093 8092 15708 
1088:6 15201 3051 3968 
1089:6 12018 11325 6420 12019 2147481254 3127 6421 12020 6423 6424 
1090:6 16007 16008 16009 8211 16010 2147482171 16011 16012 3457 
1091:6 12042 12041 12039 6434 12038 6433 12037 12036 12035 12034 12033 12032 12031 6432 12030 6431 12029 6430 4070 12028 12027 2317 
1092:6 6168 11430 3065 11429 6167 11427 6166 11426 6165 
1093:6 15602 2147481765 15603 14438 
1094:6 14638 3333 14639 2147482357 3913 7524 2094 7525 
1095:6 16098 16099 3071 16100 16101 8253 16106 16105 16104 8252 
1096:6 13635 13636 7091 13637 13638 2147481716 7092 13639 13640 
1097:6 12982 6828 3184 12984 2331 
1098:6 11473 11472 11471 11470 3990 11468 11467 6182 4104 11465 11464 3988 
1099:6 11532 11531 2147481131 6221 11530 11529 6220 4139 2345 
1100:6 11519 11518 11517 11516 11515 6212 
1101:6 7936 2147479199 6302 6113 11327 
1102:6 3583 8922 5010 8921 5009 5008 3582 2102 
1103:6 12050 12051 6438 12052 3969 12053 12054 6439 12055 6440 12056 12057 12058 6441 6442 12059 6443 6444 12060 3131 12061 6446 12062 12063 6447 6448 12064 14699 
1104:6 6193 11489 6192 11488 
1105:6 4067 12001 11370 
1106:6 3248 13671 7101 13672 13673 2992 2442 13674 7102 7103 13675 13676 7104 7105 13677 13678 4280 13679 13680 13681 13682 13683 13684 13685 13686 10913 13687 7106 7107 7108 13688 2993 3897 13689 7109 7110 13690 7111 7112 7113 7114 13691 7115 7116 2147479597 13692 13693 13694 3578 13695 2147479788 13696 13697 7117 
1107:6 14996 14992 14993 14994 14995 6146 14997 14998 7700 
1108:6 11404 6148 1280 
1109:6 6493 6494 12136 12137 12138 12140 12141 6495 12142 2396 4086 3145 6496 12143 4087 12144 12145 6497 12146 12147 6498 3979 
1110:6 2147481847 2147479110 
1111:6 13138 16042 16043 8222 16044 8223 16045 16046 16047 16048 16049 1751 8224 8225 16050 
1112:6 4049 14619 11459 11460 6178 3069 3070 11462 11463 6179 
1113:6 3978 3064 6158 3062 2147481491 11420 6157 11419 11418 6156 7255 11417 11416 11415 
1114:6 12759 12758 12757 2147481638 
1115:6 7706 15016 4481 15018 7708 1990 15020 15021 15023 15024 3063 
1116:6 15748 15749 8115 15750 8116 8117 15751 15752 8118 2147479369 15753 15754 8119 15755 15756 2529 15757 15758 15759 2147482284 15761 15762 15763 15764 15765 15766 15767 3285 8120 8121 15768 15769 3441 15770 2531 15771 15772 8122 4630 
1117:6 11510 11509 11507 11506 11505 3999 6207 
1118:6 11527 11526 6217 6215 4002 11525 11524 6214 6213 16133 11523 
1119:7 13999 13998 7242 4331 
1120:7 15840 15841 8153 8154 8155 15843 15844 8156 15846 4642 1932 
1121:7 15123 2147481183 10030 
1122:7 5383 
1123:7 9022 
1124:7 12368 12369 12370 12371 12372 12373 12374 12375 2343 
1125:7 14763 7603 14762 7602 14761 14760 14759 14758 
1126:7 13388 4035 
1127:7 5968 
1128:7 2147482747 1510 
1129:7 9061 5070 9060 9058 3607 9057 3606 9056 2805 9055 5068 5067 1678 9054 9053 5066 
1130:7 2263 
1131:7 4514 
1132:7 5262 9447 
1133:7 5967 
1134:7 7442 
1135:7 3326 
1136:7 6981 13348 13347 
1137:7 4413 6869 3199 13109 
1138:7 4663 8206 15981 15980 15979 8204 15978 15977 8203 
1139:7 5809 
1140:7 6317 
1141:7 13219 13218 13217 
1142:7 2147479480 8038 10884 8039 
1143:7 13221 13220 
1144:7 4689 
1145:7 4326 13982 3276 13983 4327 3119 13985 
1146:7 15666 
1147:7 7917 7916 7915 15445 7914 2641 7913 
1148:7 12172 
1149:7 11383 11382 6136 6135 3052 6134 11381 11380 2147481241 11379 
1150:7 13402 13371 
1151:7 7770 15128 15127 
1152:7 13410 
1153:7 11477 6183 11476 11475 
1154:7 16315 1875 16316 16317 8358 16318 16319 
1155:7 14747 14746 14745 
1156:7 4185 7026 6865 12919 12918 15588 12917 6810 12915 12914 12913 12912 4182 
1157:7 5732 5731 10540 10539 5730 10538 10537 10536 5729 10535 1682 1681 10533 2250 10532 10531 
1158:7 7951 
1159:7 8048 
1160:7 11134 11133 6024 11132 11131 11130 
1161:7 6129 
1162:7 4210 13078 1623 
1163:7 14924 
1164:7 2297 6037 6036 11157 11156 11155 11154 11153 11152 3025 11151 11150 6035 6034 11149 
1165:7 4131 6630 6629 12552 12551 12550 12549 12548 12547 12546 
1166:7 4468 
1167:7 4471 14937 14936 14935 7680 7679 14933 14932 14931 14930 14929 14927 7677 
1168:7 10764 3629 1691 10767 10768 2977 2265 5842 2266 2978 
1169:7 3638 3637 
1170:7 7509 14328 
1171:7 14037 8994 2147478556 2799 
1172:7 6944 5292 12573 
1173:7 10923 5910 2994 5911 10926 10925 2226 10924 3901 10929 1711 
1174:7 11271 11270 3035 11269 11268 3953 11267 11266 11265 11264 6091 11263 
1175:7 11620 6258 11619 11618 11617 11616 
1176:7 10194 
1177:7 9637 9636 
1178:7 7338 
1179:7 11749 
1180:7 12171 12170 6505 12169 12168 12167 6504 6503 6502 12166 12165 
1181:7 6059 6058 2300 6057 11195 6055 3028 
1182:7 13734 
1183:7 7772 15135 7773 15137 15138 7774 3383 15139 2475 
1184:7 11111 11110 
1185:7 8525 2738 
1186:7 3092 6286 11675 11674 6285 6284 
1187:7 11328 2147478984 4789 6114 6115 6829 
1188:7 5994 11064 
1189:7 3277 2516 
1190:7 5626 2943 
1191:7 10318 10317 2942 
1192:7 4546 
1193:7 5611 
1194:7 15435 15436 15437 15439 2917 7148 2147478122 7907 15440 15441 7908 7909 
1195:7 9731 9723 16075 9722 
1196:7 14875 
1197:7 14621 4652 7522 2147483402 6767 4421 14624 
1198:7 6009 
1199:7 1542 
1200:7 9709 
1201:7 14888 
1202:7 2147481441 11101 11100 11099 6011 6012 6013 6014 11102 
1203:7 10270 10268 10269 10267 
1204:7 13080 996 13081 13082 13083 13085 
1205:7 1820 11817 11816 6340 1022 
1206:7 7671 4465 7668 
1207:7 11774 11773 
1208:7 1172 
1209:7 13154 6890 
1210:8 4257 13391 9973 
1211:8 5822 10703 5821 5820 5819 10702 10701 10700 10699 10698 5817 10697 10696 2257 5816 5815 10695 10694 5814 5813 2970 10693 10691 10690 5812 10689 5811 10688 10687 
1212:8 4299 
1213:8 3096 
1214:8 11890 11790 6330 11791 
1215:8 2147481270 3007 3780 
1216:8 10234 3807 
1217:8 8036 
1218:8 15607 
1219:8 13986 
1220:8 9450 
1221:8 7238 13990 7237 
1222:8 13994 13993 13992 2517 13991 4330 4329 
1223:8 2147482771 3672 9446 
1224:8 15651 
1225:8 11854 4051 
1226:8 10012 10011 
1227:8 13413 13412 
1228:8 15109 3233 15604 15108 7764 15105 
1229:8 7001 
1230:8 11761 
1231:8 10682 5806 10681 10680 
1232:8 5807 10683 
1233:8 10686 5810 10685 5808 
1234:8 5586 9953 
1235:8 6988 6987 
1236:8 11781 2843 
1237:8 6316 
1238:8 10762 10761 5840 10760 10759 10758 10757 5839 5838 10755 
1239:8 2658 7739 8021 5265 
1240:8 13106 9297 13107 13108 
1241:8 6843 4202 6842 13035 
1242:8 12793 
1243:8 3928 11082 
1244:8 3935 11109 11108 6015 11107 11106 11105 2293 11103 3934 
1245:8 15080 
1246:8 14804 
1247:8 13152 4218 13150 13149 2147480122 13147 13146 6889 6731 
1248:8 4463 5375 
1249:8 7618 
1250:8 11135 
1251:8 5892 
1252:8 11312 11310 
1253:8 1491 
1254:8 6004 11087 11086 6003 3019 3018 6002 11085 3929 
1255:8 2873 
1256:8 14951 14950 
1257:8 8074 2444 15675 15676 15677 
1258:8 12925 6811 12924 
1259:8 15029 
1260:8 12920 5999 
1261:8 6000 
1262:8 4603 8030 3524 
1263:8 2609 
1264:8 14990 
1265:8 6093 
1266:8 15126 7769 4516 15124 
1267:8 10946 
1268:8 14813 
1269:8 11309 11308 11307 11306 11305 
1270:8 11080 11079 1722 1721 11078 
1271:8 3002 5935 5934 
1272:9 8072 2515 13987 
1273:9 11081 
1274:9 11803 11804 6337 11805 3017 1723 
1275:9 10316 
1276:9 1508 8610 8609 2075 8608 8607 
1277:9 2291 
1278:9 2614 
1279:9 4559 15527 4560 12249 2147478148 15528 4480 
1280:9 7713 
1281:9 4643 4211 6184 2867 
1282:9 7960 
1283:9 9047 9049 5065 2147480399 9050 9051 9052 1544 
1284:9 5622 
1285:9 2183 9673 5362 1621 
1286:9 2147479572 5549 14648 5101 9134 9133 2132 
1287:9 2875 
1288:9 15569 5454 3417 15570 7984 15572 3418 
1289:9 3373 
1290:9 1268 
1291:9 7653 
1292:9 6322 
1293:9 4709 
1294:9 7650 14871 3358 14867 14866 14865 14864 4460 
1295:9 10883 13762 10882 10881 5891 
1296:9 3204 
1297:9 6883 
1298:9 7763 6989 
1299:9 4445 14744 7592 4444 
1300:9 13378 13377 6995 13376 13375 
1301:9 15091 
1302:9 5896 5895 5894 10887 1704 
1303:9 8534 8533 
1304:9 2685 16152 4684 4683 
1305:9 5897 7768 15122 15121 2808 7767 15120 15119 15118 1375 7766 15116 15115 2463 15114 15113 15112 1376 2630 3381 3330 15111 15110 
1306:9 13365 13364 6986 
1307:9 8024 3425 2629 4600 3426 
1308:9 11359 11358 11357 11355 6125 6124 11354 
1309:9 11368 11367 11366 11365 6248 
1310:9 14780 
1311:9 8257 7537 16110 8258 16113 8259 16114 1371 13307 
1312:9 13995 
1313:9 15267 15265 7822 7821 15264 15263 
1314:9 9102 5089 3613 9101 5088 3612 5087 5086 9100 2130 9099 9098 9097 
1315:9 13144 6888 3665 4217 
1316:9 13425 
1317:9 6321 6318 4036 
1318:9 3348 
1319:9 1129 2739 
1320:9 7912 15444 4547 7910 15443 15442 
1321:9 9329 9328 
1322:10 4402 
1323:10 5316 5315 5314 9567 9566 
1324:10 6858 3697 3099 6857 
1325:10 1818 
1326:10 2632 
1327:10 4599 4598 3424 8023 15585 4597 4596 4595 8022 4594 15584 4593 4592 
1328:10 3363 14938 3701 2147479732 
1329:10 13920 4317 13919 13918 
1330:10 2871 9665 2182 2870 2180 1620 
1331:10 14685 
1332:10 1551 9111 3615 
1333:10 4831 7549 3542 4830 8590 4829 2746 8589 2069 8588 8587 4828 4827 8586 4826 
1334:10 15398 1921 
1335:10 14825 14824 
1336:10 12563 12564 12565 6642 6643 1797 12566 2359 3432 12567 6645 12568 
1337:10 10279 3814 1548 9091 2147483544 2806 9092 9093 9094 9095 9096 1549 2807 
1338:10 1372 13311 1135 8255 16108 8254 16102 2147481120 4675 8251 16103 1373 
1339:10 2254 2194 
1340:10 1979 
1341:10 15530 4563 
1342:10 1550 
1343:10 1016 
1344:10 13071 13072 13073 7985 2185 
1345:10 11485 
1346:10 9729 9728 
1347:10 14570 7503 7502 1639 7501 
1348:10 13955 
1349:10 15522 
1350:10 1186 9553 9552 5309 
1351:10 9132 5100 9131 
1352:10 2147477756 15257 15258 15259 7820 2486 
1353:10 6010 3932 11098 
1354:10 2736 
1355:10 11849 11850 11851 11852 1745 
1356:10 6406 
1357:10 13436 
1358:10 12988 2438 6831 12987 3185 12986 12985 
1359:10 1243 
1360:10 1912 
1361:10 13426 
1362:10 1684 10555 10554 10553 1683 
1363:10 13034 13033 6841 13032 13031 
1364:10 5592 5591 
1365:10 1688 
1366:10 9149 9148 3618 2237 9146 5111 9144 5110 9143 9142 5109 5108 2135 9141 9140 1165 2134 9139 5107 7545 13014 5106 1555 5105 1554 5590 3617 9137 9136 2133 5104 
1367:10 6983 13357 
1368:10 2651 2316 3411 
1369:10 1398 8089 7945 1927 8090 15706 8091 15707 3000 3866 15715 15716 15717 8095 8096 1928 
1370:10 1888 10737 10736 2262 10735 2261 10734 1690 10733 1689 
1371:10 5841 10763 2975 
1372:10 8531 4797 8530 8529 8528 4796 4795 3525 8526 
1373:10 1166 5114 5113 9152 9150 2812 
1374:10 11369 
1375:10 13296 
1376:10 3217 
1377:10 4253 
1378:10 6351 6352 3041 6353 11846 6354 4043 11847 3042 
1379:10 6120 
1380:10 2381 6387 
1381:10 12095 6469 3138 1281 12096 12097 13115 4079 4080 6470 6471 6472 6473 4081 
1382:10 7155 7154 13785 7153 
1383:10 11303 
1384:10 9090 5083 5082 9089 9088 5081 
1385:10 2485 
1386:10 15178 15179 4522 1902 15180 7787 7788 15181 
1387:10 3095 11740 11739 11738 993 11737 
1388:10 1908 
1389:10 2312 1741 
1390:11 4251 13359 13360 13361 4215 
1391:11 1702 
1392:11 1167 
1393:11 5230 
1394:11 1545 9067 9066 9065 6813 9064 5073 5095 5071 2125 
1395:11 11360 
1396:11 2335 6203 6202 
1397:11 5337 9631 5335 5334 9630 9629 5333 9628 
1398:11 13130 
1399:11 3037 2308 1738 6095 1737 1736 3955 11274 1735 11273 2307 
1400:11 1203 14462 14463 4403 1637 
1401:11 14175 14176 3626 14840 3453 14177 
1402:11 4461 7651 7649 14868 14869 14870 2592 
1403:11 2857 5327 9599 9598 9597 5326 1605 5325 5324 9595 9594 2856 9593 9592 
1404:11 7554 14691 14690 14689 1971 7553 4429 14688 7552 14687 7551 14686 
1405:11 11741 6308 11742 11743 1817 6309 6310 1740 
1406:11 2123 9042 5059 5058 9041 9040 
1407:11 3211 
1408:11 2374 6725 12704 6726 6728 6729 1815 
1409:11 2448 
1410:11 2753 8606 4842 8605 8604 3550 4841 2074 8603 4840 907 3789 10129 2751 2073 8601 8600 1505 
1411:11 3120 
1412:11 2741 
1413:11 1442 15064 2649 7970 2619 15555 15556 15557 2014 7733 15558 15559 
1414:11 6809 11736 2311 
1415:11 2578 14569 14568 14567 
1416:11 11636 11635 
1417:11 1765 6532 12242 12241 12240 12239 12238 12237 12236 1764 
1418:11 2473 14882 5879 10851 5880 10852 
1419:11 4030 
1420:11 5886 10867 10866 10865 10864 10863 5885 5884 2276 1699 10862 5883 10861 
1421:11 5404 1641 
1422:11 7500 7499 
1423:11 9601 
1424:11 7974 15562 7973 6092 
1425:11 2313 11845 11844 1744 11843 1743 
1426:11 2926 8593 2071 2070 2749 8591 2748 10112 10111 10110 1134 
1427:11 6413 
1428:11 3125 
1429:11 3108 11042 11041 5982 11040 11039 5981 5980 3110 1262 
1430:11 924 
1431:11 11090 6008 11089 6007 3020 6006 11088 6005 
1432:11 6771 
1433:11 9721 
1434:11 3512 
1435:11 2737 8518 8517 8516 8515 8514 2060 8513 8512 4788 8511 8509 8507 1495 4787 
1436:11 6859 2876 
1437:11 6197 6196 11492 6195 
1438:11 3044 2315 3111 6355 2314 
1439:11 1195 
1440:11 6205 3998 6204 11500 3075 11499 
1441:11 2057 8460 3514 
1442:11 3339 7550 1534 2793 8926 
1443:11 14664 7542 4424 14665 7543 3586 7544 
1444:11 11952 11951 1829 
1445:11 6622 4129 12523 2414 3159 6621 12522 6620 
1446:11 12978 12977 12975 12974 6827 12973 12972 
1447:11 13030 13029 
1448:11 14444 14443 7431 14442 2540 2193 3322 14440 14439 7430 
1449:11 13023 13022 13021 6839 4199 13019 13017 13018 13016 13015 6838 
1450:11 1909 15242 7814 7816 15244 15245 7817 15246 15247 1057 7818 15248 15249 15250 7819 15254 3260 7162 2147479408 1910 
1451:11 3380 2627 3428 2660 
1452:11 13045 13046 13047 1192 5354 9663 5355 9664 
1453:11 6187 
1454:11 13000 12999 
1455:11 7440 1198 2192 9754 3719 2882 9756 9757 9758 9759 9760 9761 1200 5388 9762 1632 5389 2883 3721 
1456:11 4385 14327 1631 2190 5387 9751 9750 2881 
1457:11 5356 9668 
1458:11 2522 15718 15719 8097 2523 15720 15721 15722 3439 8099 15723 15724 4629 3093 2525 8100 8101 4334 8102 15725 8103 15726 15727 2526 8104 15728 2527 15729 15730 15731 4336 
1459:11 1546 9074 9075 9076 9077 2147477933 2348 1160 9079 9080 3609 5077 3610 9081 1161 3816 2127 10282 3815 10281 
1460:11 6734 12715 12716 6736 12719 12718 6588 
1461:11 3539 1131 8585 3538 3537 5534 5535 5536 3779 5537 2744 1132 
1462:11 3140 
1463:11 11339 
1464:11 1825 6362 11863 11862 3047 
1465:11 6654 6653 12580 12579 
1466:11 5435 5434 9855 5433 9853 5432 
1467:11 2122 5054 9034 9033 923 9032 9031 9030 
1468:11 6319 
1469:11 1923 
1470:11 3404 
1471:11 1812 6750 6749 6748 12739 12738 6747 6746 6745 12737 6744 12736 12735 12734 12733 12732 6743 13358 2367 12730 1235 12731 1854 2369 
1472:11 3262 3263 15310 15311 7840 15312 2494 1391 2496 13850 4307 10051 
1473:11 11824 
1474:11 5624 
1475:11 6824 12965 2156 
1476:11 7748 7749 4501 4588 4587 8008 1100 4585 2477 4503 8005 15575 4584 3966 3594 8004 1857 8001 8002 4506 3422 
1477:11 3112 11848 
1478:11 1582 
1479:11 3291 15817 15818 15819 15820 4347 2671 15821 8147 8148 4640 8149 4348 15822 15823 8150 8151 8152 15824 15825 15826 15827 5298 15828 15829 4349 15830 15831 15832 3443 15834 15835 15836 15837 9449 3592 15839 1931 3294 
1480:11 1174 
1481:11 8084 4625 2521 3438 15697 15698 15699 8085 8086 4626 15700 3280 
1482:11 8066 
1483:11 13419 7012 13418 13417 7011 
1484:11 1929 15747 15746 15745 8114 15744 15743 8113 8112 15742 1969 8111 8110 15741 4340 15740 8109 1401 2528 
1485:11 15777 2532 15776 4631 8124 15775 8123 15774 3286 
1486:11 3671 3670 5261 
1487:11 3405 
1488:11 2461 
1489:11 1796 11621 2358 
1490:11 2513 15425 15426 15427 15428 2512 7899 15429 3399 7900 7901 15430 15431 7902 15432 7903 7904 15433 7905 7906 15434 
1491:11 2062 
1492:11 1553 5097 9130 9129 9128 9127 9126 5094 9124 5093 1163 9123 9122 
1493:11 7827 15286 15287 15289 15288 4528 7828 15290 15291 3390 15292 4301 2490 3392 15293 15294 15295 7829 15297 
1494:11 15563 
1495:11 5571 
1496:11 2238 9120 2810 9119 1162 5092 9118 9117 3616 5103 
1497:11 1054 13799 3259 
1498:11 1907 
1499:11 4191 13148 3957 9485 
1500:11 13997 11627 10127 5903 7241 2519 15685 
1501:11 1386 
1502:11 15531 
1503:11 2634 13772 7147 13773 13774 1903 13775 7149 3257 1904 
1504:11 7883 7884 4541 4542 15393 15394 15395 15396 7885 4543 1396 2640 
1505:11 3256 15177 15176 3386 15175 15174 15173 15171 4520 1384 
1506:11 2480 2479 1383 
1507:11 15424 15423 15422 15421 15420 7898 7897 7896 1071 2514 15417 15414 7891 15413 7890 15412 15411 1070 15410 15409 7889 7888 15408 15407 7887 15406 15405 7886 4545 15404 1069 
1508:11 1749 
1509:11 6823 1583 1175 
1510:11 2113 
1511:11 11052 3561 5986 5987 2199 5988 3014 11054 11056 11055 11057 11058 5989 11059 5990 11060 11061 1718 
1512:11 15516 2643 15515 15514 15513 
1513:11 7727 15050 7725 7723 15048 15047 15046 7722 
1514:11 1957 2565 14273 14272 14271 3313 
1515:11 6966 3223 13306 4246 3222 1885 16117 16118 16119 16120 6965 16121 16122 8261 16123 4676 8262 16126 16127 16128 4677 2450 16129 8263 1884 
1516:11 2815 
1517:11 2801 3602 9024 5048 2118 9023 
1518:11 15362 15361 15360 15359 
1519:11 15335 3395 
1520:11 7395 14354 14355 14356 7396 14357 7397 14358 1653 
1521:11 2264 1249 
1522:11 12926 1594 
1523:11 2210 
1524:11 9889 9888 9887 1222 
1525:11 7320 7319 
1526:11 2137 
1527:11 6263 4021 4020 3087 6262 11631 11630 11629 2417 11628 3225 11626 11625 6261 6260 4018 
1528:11 15788 8132 
1529:11 2453 
1530:11 932 
1531:11 14632 14633 7707 4361 14634 14635 
1532:11 7031 3874 13473 13474 13475 13476 13477 
1533:11 1246 
1534:11 7400 14370 14369 
1535:11 9549 9548 
1536:12 7957 
1537:12 1306 1305 
1538:12 3698 1612 5338 2860 1611 1610 
1539:12 2336 
1540:12 1320 
1541:12 3089 6660 6659 12584 1800 6658 6657 12583 12582 6656 6655 12581 1799 
1542:12 1782 6228 3674 6229 1783 6592 12460 12461 12462 12463 12464 6593 12465 12466 1784 2349 
1543:12 1600 9547 1599 3954 2147477859 5307 9546 2850 5306 5305 11758 9545 9544 1185 5304 5303 9542 5302 9541 5301 5300 9540 
1544:12 4012 1787 3083 6614 6615 6616 2356 12515 1790 12516 9220 12517 6617 1313 1314 9344 6618 11920 12519 6619 12520 12521 3084 
1545:12 12307 2338 
1546:12 1608 
1547:12 1194 1810 9483 
1548:12 2175 
1549:12 936 
1550:12 1774 12348 12347 12344 12343 12342 6567 12340 12339 12338 12337 12336 12335 6565 2340 
1551:12 1651 1649 9892 9891 9890 2172 
1552:12 4568 
1553:12 3686 1602 9551 2171 12903 12902 1601 
1554:12 6822 1176 2157 2838 12964 2158 6821 6820 1584 934 2160 12962 6819 12961 1177 9471 9472 9473 9474 9475 9476 9477 9478 9479 5270 2161 12957 1587 12956 12955 1586 1585 2164 12953 1179 
1555:12 1595 
1556:12 1596 
1557:12 1447 3427 8025 4512 
1558:12 2354 12508 6610 12507 12506 12505 12504 12503 1008 
1559:12 1443 7971 1096 2015 3367 4491 4492 7734 1097 3651 4567 
1560:12 1997 3375 2621 4591 8017 1999 5102 4590 4496 7742 7741 8016 3376 8015 7744 7745 4499 7747 4500 3377 2623 8010 8009 2656 3378 
1561:12 7949 
1562:12 2100 2099 5004 8909 5003 8907 3334 14662 7540 7539 2583 14661 2789 5002 2788 14651 14650 14649 2097 8905 8904 3579 5001 915 7531 2096 
1563:12 3086 
1564:12 1578 
1565:12 2155 
1566:12 2344 6575 12395 12394 12393 12392 3078 
1567:12 7922 15456 
1568:12 2360 12578 6652 12577 4134 1323 
1569:12 1188 9612 9611 9610 5329 3695 9609 5328 9608 9607 1607 9606 9605 3694 3693 2858 
1570:12 1606 
1571:12 2370 3169 1813 2061 6732 12713 1814 2371 2372 6305 2303 11725 
1572:12 5872 5871 10839 10838 10837 1574 
1573:12 1604 12993 2173 9590 5322 1603 9589 9588 5321 9587 9585 9584 1187 
1574:12 1299 
1575:12 2059 
1576:12 2663 
1577:12 1301 12413 12412 12411 1776 
1578:12 2412 1307 11572 6240 11573 11574 6241 11576 11577 1309 1310 11578 1785 6605 1311 11580 6606 2351 3081 1786 6607 12490 12491 1312 12492 2352 
1579:12 3664 1170 
1580:12 2787 1532 2786 3577 14637 1151 1531 2785 1150 
1581:12 2363 6272 11650 11649 6271 1809 1808 12610 6670 6669 6668 12609 11645 12608 2362 12607 12606 6667 2361 6666 6665 1807 1806 12604 6663 12601 1805 12600 12599 12598 1804 11638 1803 6662 12596 1802 12594 12593 12592 12591 1801 
1582:12 1778 12415 1777 5278 
1583:12 4007 11550 1304 12440 12439 6587 12438 4120 12437 1303 6586 12436 6585 4118 6584 1780 6583 12435 12434 12433 12432 12431 1302 
1584:12 2129 1547 
1585:12 13363 
1586:12 2087 5579 1143 10214 10213 10212 10211 10210 2086 
1587:12 2255 
1588:12 1887 
1589:12 2085 2768 
1590:12 1833 6436 12048 6437 12049 2318 
1591:12 2393 3054 3133 
1592:12 2559 13515 14222 14223 1953 
1593:12 14625 14626 2092 8875 4984 8876 4985 8877 8878 4986 4987 8879 4988 4989 1146 1147 4990 8880 4991 8881 
1594:12 7137 2476 
1595:12 4285 13737 7138 
1596:12 2798 1152 
1597:12 3370 15565 4569 2478 1899 1898 
1598:12 8884 4993 
1599:12 13346 
1600:12 1149 4995 4994 8888 8887 8886 8885 
1601:12 7577 14714 3261 14715 14716 14717 1974 14718 7578 14719 14720 1975 
1602:12 1533 14666 9202 7546 4425 14667 10229 1140 3336 6830 14669 3705 14670 14671 14672 2101 
1603:12 13826 7167 4526 2487 
1604:12 1060 15299 4529 7833 15298 7832 7831 7830 2492 4302 1913 
1605:12 2618 7730 1994 4488 7729 3365 15059 15058 15056 4486 4485 15055 15054 2647 7968 1993 
1606:12 2508 13921 13922 13923 13853 2509 
1607:12 2499 15324 4532 3267 
1608:12 2504 4313 13888 4312 7190 13887 13886 13885 13884 2503 13883 13882 13881 13880 2502 13879 7189 7188 3270 4311 13878 3269 7187 4310 13876 13875 13874 13873 13872 13871 2500 7186 13870 
1609:12 1514 2232 5566 1139 2763 8648 8647 8646 8645 1138 1512 4856 8644 8643 8641 8640 8639 8638 8637 3649 2761 
1610:12 2505 15339 15338 15337 1916 
1611:12 1449 15355 15356 1068 7204 13939 7205 1393 7870 15357 7871 15358 1394 
1612:12 1395 15380 15379 15378 7874 7873 15375 15374 4540 15373 15372 15022 15371 15370 15368 3273 15367 15366 15363 1920 
1613:12 1340 2326 12156 12155 6500 12154 12153 12152 6499 4088 12151 12150 1757 1286 12149 12148 1285 
1614:12 1287 
1615:12 1538 2116 10359 10360 2115 
1616:12 7754 7753 4581 7752 2147478167 7996 7997 7999 4507 2625 7995 4580 4508 7994 7993 7992 7991 7990 
1617:12 4178 6365 4054 4055 
1618:12 1693 2267 
1619:12 7171 6542 1058 1914 7826 2491 
1620:12 12536 12535 12534 6626 12533 6625 12532 12531 12530 12529 
1621:12 1527 8860 1526 4974 1145 7521 14618 1144 8858 8857 4973 8856 1525 
1622:12 3307 4370 6459 14189 14190 14191 3308 7325 2556 4371 14192 14193 7326 7327 14194 2557 4372 
1623:12 918 4428 14681 3338 14682 2586 14683 14684 7548 2103 
1624:12 1065 7859 4535 2506 4536 15346 7861 7862 15347 1066 4316 7199 13914 13913 1852 13915 13916 13917 2507 7865 15351 2005 
1625:12 2533 12784 14055 14057 14058 2534 14059 4635 
1626:12 1720 
1627:12 1415 15970 4948 8200 3305 15971 1416 8201 8202 15972 15973 15974 2966 15975 1417 15976 1418 
1628:12 5985 4044 3107 6345 3013 11823 1714 
1629:12 1713 3921 3920 11047 11046 11045 1712 
1630:12 4278 3895 1708 1259 13670 2286 
1631:12 1831 2387 2386 6755 6754 4159 12762 12763 12764 12765 12766 6760 6761 12767 6762 4161 1830 11957 6397 2385 
1632:12 1706 13655 13654 1705 
1633:12 11896 11897 6373 11898 11888 4059 3117 
1634:12 1891 7045 13529 7046 7047 13530 13531 976 
1635:12 13116 13087 6861 
1636:12 2281 7082 13609 7083 1703 
1637:12 4216 
1638:12 2383 3121 
1639:12 2279 13614 13615 7087 2278 13616 1701 13617 1256 10879 3890 10878 2470 10876 10875 5890 5889 2277 
1640:12 1255 
1641:12 13143 
1642:12 2986 975 
1643:12 2275 10860 10859 
1644:12 10858 10857 10856 5882 10854 10853 2274 
1645:12 973 2272 10832 3885 10831 3884 10830 10829 10828 5869 1252 10827 10826 10825 2982 
1646:12 2268 
1647:12 4230 16167 16166 1882 
1648:12 3066 12173 6506 12174 12175 12176 6507 1289 12177 6508 12178 12179 12180 6509 6510 1758 3982 6174 11447 6175 6176 11449 3983 5850 1290 3984 4093 12185 12186 1759 11453 2328 6512 12187 12188 12189 4094 1292 6513 12190 6514 6515 4095 1760 12191 12192 6517 1841 12193 12194 6518 12195 12196 1293 1761 
1649:12 2282 
1650:12 1924 
1651:12 1541 10338 10339 10340 3825 10341 2809 5634 10342 10343 921 10344 10345 10346 5635 10347 4274 5636 5637 7489 10348 5638 1539 
1652:12 7239 
1653:12 7555 
1654:12 12291 12290 1297 6546 12289 1296 1772 12286 12285 12284 12283 6545 12282 3151 4582 3997 1771 6544 12281 12280 12279 12278 12277 1295 12276 6543 1770 2333 
1655:12 1219 14338 14337 4386 14336 2206 7386 14335 14334 14333 7385 5657 10635 1648 
1656:12 13851 10249 3714 14842 1871 2147482905 12990 13854 7179 13855 1915 13856 13861 7181 2497 
1657:12 2330 6181 1763 12208 12207 12206 1762 
1658:12 3297 2547 1945 4366 2147479174 3298 2548 2549 15942 8186 4825 8187 15943 8188 2550 7311 3299 7312 3300 14169 3301 7313 4932 2026 15946 15947 2551 7315 14170 4367 4368 1411 14171 14172 14173 7316 14174 1947 
1659:12 3073 6538 12270 12269 1769 11490 1768 6194 2332 
1660:12 3072 6191 1767 1766 6190 3148 6189 11487 11486 6188 
1661:12 1977 14740 7587 14741 4420 4268 7590 14743 6180 3345 
1662:12 1629 9744 1630 7374 7373 1960 14316 3318 2880 
1663:12 1634 
1664:12 3744 9857 5436 2203 9856 3743 3742 
1665:12 1201 
1666:12 14507 7464 14506 7463 14505 14503 14504 2890 7462 7461 2574 7460 14501 1214 14500 14499 1646 14498 1215 9852 1647 14496 14495 14494 7458 7457 7456 7455 4406 14493 14492 3324 2571 2891 1216 
1667:12 2202 5424 11787 4410 5423 
1668:12 3728 7443 14464 14465 14466 1635 14467 14468 7444 14469 14470 2195 
1669:12 9840 9839 9838 9837 5422 
1670:12 1663 
1671:12 1282 12115 5421 12116 1752 1283 6483 12117 1753 6484 6485 12118 11172 12119 6486 12120 1230 2323 12121 12122 12123 12124 12125 1755 2324 3143 12126 12127 12128 6489 998 12129 5870 12130 12131 6490 12132 12133 1756 6491 12134 3144 12135 6492 4085 3061 
1672:12 935 12940 1180 3546 3547 1589 
1673:12 7474 7475 7476 7477 14527 2575 7478 14528 7479 7480 14529 5418 
1674:12 1204 
1675:12 2888 14541 4412 14542 7487 2887 14543 14544 7488 14546 14547 1645 2200 1210 14548 3328 14549 1209 950 1429 9825 5416 9824 9823 5415 9822 5414 9821 2198 9820 1644 9819 9818 9817 1208 9816 7002 5413 4451 3733 2577 9815 5410 1643 9814 9813 9812 9811 9810 9809 9808 9807 9806 9805 9804 9803 9802 7495 3731 5409 9800 5408 3730 5407 5406 9799 2886 5405 1206 1205 
1676:12 1425 1424 
1677:12 2564 14246 1423 1956 16040 1422 16039 1955 2563 16034 16033 16032 16031 3309 14243 4376 7341 14242 14241 14240 2562 
1678:12 8246 8247 16093 16094 8248 16095 16096 8249 16097 1959 
1679:12 1618 1617 9658 9657 9656 9655 9654 940 2178 9653 9652 9651 9650 5353 9649 5352 5351 9648 9647 9646 1190 
1680:12 1298 2334 
1681:12 1660 1659 
1682:12 1940 15900 8177 2675 15901 3296 4649 1941 4651 2755 15902 8178 1848 12603 6664 15903 15904 1075 14145 14146 4005 14147 3449 2543 
1683:12 4201 1613 
1684:12 1938 4354 14117 1937 8167 15867 15866 8166 1936 14115 1934 8165 15862 15861 8164 8163 15860 15859 15858 15857 8162 15856 2541 7296 1408 
1685:12 1943 15924 15923 15922 15921 15920 1409 14156 1942 4656 15919 4655 15918 15917 15916 8180 2545 
1686:12 1018 
1687:12 2082 2758 8627 8626 3555 4848 2757 10186 10187 3433 10188 5570 2081 
1688:12 8083 15696 3279 
1689:12 2520 
1690:12 1655 1654 
1691:12 1466 8198 1413 
1692:12 3278 
1693:12 2211 
1694:12 1952 1951 16006 3456 16005 1421 16004 16003 1950 16002 16001 16000 2558 1949 
1695:12 1954 
1696:12 2554 8197 15961 4369 3303 3454 15960 15959 3302 14179 2553 2677 7318 14178 7317 2552 
1697:12 2539 15800 8137 15799 8136 2023 4638 4637 8135 15798 2538 1930 
1698:13 2862 
1699:13 2590 
1700:13 1724 
1701:13 11311 3963 
1702:13 2177 2863 1614 
1703:13 6334 1267 
1704:13 1499 
1705:13 2779 
1706:13 4570 7976 7977 2620 3372 
1707:13 1626 
1708:13 2777 
1709:13 3346 
1710:13 1316 1315 6624 12528 1792 4015 2357 11605 11604 4014 11603 11602 1791 
1711:13 2201 
1712:13 2091 
1713:13 2242 2124 
1714:13 1922 
1715:13 1319 11615 1795 
1716:13 1059 
1717:13 9841 1212 
1718:13 2488 
1719:13 2803 2121 
1720:13 2415 11610 1794 1011 12538 12537 1317 
1721:13 2170 9539 9538 9537 5299 2169 937 12911 1183 
1722:13 12306 12305 12304 6551 6550 1773 12303 3077 6206 
1723:14 5553 
1724:14 2652 15568 7978 4572 7979 4573 7980 7981 4574 7982 3414 7669 
1725:14 4430 
1726:14 2593 
1727:14 2971 
1728:14 2249 
1729:14 3231 1685 
1730:14 7014 
1731:14 7013 
1732:15 1543 
1733:15 13421 
1734:15 1619 
1735:15 4068 
1736:15 15084 7983 3416 2626 
1737:15 6123 
1738:15 4571 3379 
1739:16 4220 6901 
1740:16 3224 
1741:16 4562 
1742:16 6326 
1743:16 6419 6418 12008 
1744:17 13145 
1745:17 11747 
1746:17 13736 13735 
1747:17 6417 
1748:18 8883 4992 
1749:20 1725 
1750:21 1095 3366 
1751:21 13420 2248 
1752:24 4115 4114 
